Cycle	Predator Population	Prey Population
1	6	8
2	6	8
3	6	9
4	6	9
5	6	9
6	6	8
7	6	9
8	6	9
9	6	11
10	6	11
11	6	11
12	6	11
13	6	12
14	6	12
15	6	12
16	6	12
17	6	12
18	6	12
19	6	13
20	6	13
21	6	12
22	6	12
23	6	12
24	6	13
25	6	13
26	7	13
27	7	13
28	7	13
29	7	13
30	8	12
31	8	12
32	8	12
33	8	12
34	8	12
35	6	12
36	6	12
37	6	12
38	6	13
39	6	14
40	6	15
41	6	16
42	6	16
43	6	16
44	6	16
45	6	17
46	6	17
47	6	17
48	7	16
49	7	16
50	7	16
51	7	16
52	7	16
53	7	16
54	7	16
55	7	17
56	7	17
57	7	17
58	7	18
59	7	18
60	7	19
61	7	19
62	7	19
63	7	19
64	7	18
65	7	18
66	7	18
67	8	17
68	7	17
69	7	17
70	7	17
71	7	17
72	7	17
73	7	18
74	7	18
75	7	18
76	7	18
77	7	19
78	7	19
79	7	20
80	7	20
81	7	20
82	7	21
83	7	21
84	7	21
85	7	21
86	7	21
87	7	20
88	7	20
89	7	20
90	7	20
91	6	20
92	6	19
93	6	18
94	6	18
95	6	19
96	6	21
97	6	21
98	7	20
99	7	20
100	6	20
101	6	20
102	6	20
103	6	20
104	6	20
105	6	20
106	6	20
107	5	20
108	5	20
109	5	20
110	5	21
111	5	21
112	5	21
113	5	23
114	6	21
115	6	21
116	6	20
117	6	21
118	6	22
119	6	22
120	6	22
121	6	22
122	6	22
123	6	22
124	6	22
125	6	21
126	6	20
127	6	20
128	6	20
129	6	21
130	6	21
131	6	21
132	6	21
133	6	21
134	7	20
135	7	20
136	8	20
137	8	20
138	8	20
139	8	20
140	8	21
141	8	21
142	8	20
143	8	20
144	8	21
145	8	22
146	8	21
147	8	21
148	8	21
149	8	21
150	8	22
151	8	22
152	8	22
153	8	23
154	8	23
155	8	23
156	8	22
157	8	23
158	9	22
159	9	22
160	9	22
161	9	22
162	9	23
163	9	23
164	9	23
165	9	23
166	9	23
167	9	22
168	9	22
169	8	24
170	8	23
171	8	23
172	8	24
173	8	24
174	8	24
175	8	23
176	8	23
177	8	23
178	8	23
179	8	23
180	8	23
181	8	23
182	8	23
183	8	23
184	8	24
185	8	24
186	8	24
187	8	24
188	8	24
189	8	24
190	9	23
191	9	23
192	9	23
193	9	21
194	9	21
195	9	21
196	9	21
197	10	20
198	10	20
199	10	20
200	10	20
201	10	20
202	10	20
203	10	21
204	10	21
205	10	21
206	10	19
207	10	19
208	10	18
209	10	18
210	10	18
211	10	17
212	10	17
213	10	17
214	10	18
215	10	18
216	10	18
217	10	18
218	11	17
219	11	16
220	11	16
221	11	16
222	11	16
223	11	16
224	11	16
225	10	15
226	10	15
227	10	15
228	10	16
229	10	16
230	12	13
231	12	12
232	12	12
233	12	13
234	12	13
235	12	13
236	12	13
237	12	13
238	12	13
239	12	13
240	12	13
241	12	12
242	12	12
243	11	12
244	11	12
245	11	13
246	11	13
247	11	13
248	11	13
249	11	14
250	11	13
251	11	13
252	11	13
253	12	12
254	12	12
255	12	12
256	12	12
257	11	12
258	11	12
259	11	12
260	11	11
261	11	11
262	11	11
263	11	9
264	11	9
265	11	9
266	11	9
267	10	10
268	10	10
269	9	10
270	9	9
271	9	8
272	9	8
273	9	7
274	9	6
275	9	6
276	9	6
277	9	7
278	9	7
279	10	6
280	10	6
281	10	5
282	10	5
283	10	5
284	10	6
285	9	7
286	9	7
287	9	7
288	8	7
289	7	7
290	7	7
291	7	6
292	7	6
293	7	6
294	7	6
295	7	6
296	7	6
297	7	6
298	6	7
299	6	7
300	6	7
301	6	6
302	6	7
303	6	7
304	6	7
305	6	6
306	6	6
307	6	6
308	6	6
309	6	6
310	6	6
311	6	6
312	6	8
313	6	8
314	5	8
315	5	9
316	5	10
317	5	10
318	4	10
319	4	10
320	4	11
321	4	12
322	4	12
323	4	12
324	4	12
325	4	13
326	4	13
327	4	13
328	4	13
329	4	14
330	4	14
331	4	14
332	4	14
333	4	15
334	4	15
335	4	15
336	4	16
337	4	17
338	4	17
339	4	18
340	4	18
341	4	18
342	4	18
343	4	18
344	4	19
345	4	19
346	4	20
347	4	19
348	4	18
349	4	19
350	5	18
351	5	17
352	5	17
353	5	18
354	5	18
355	5	18
356	5	19
357	5	19
358	5	19
359	5	20
360	5	20
361	5	20
362	5	20
363	5	20
364	5	20
365	5	20
366	5	20
367	5	20
368	5	20
369	5	20
370	5	21
371	5	21
372	5	21
373	5	21
374	6	20
375	6	20
376	6	20
377	6	19
378	6	18
379	6	18
380	7	17
381	7	18
382	7	17
383	7	18
384	7	18
385	7	18
386	7	18
387	7	18
388	7	18
389	7	18
390	7	18
391	7	18
392	7	19
393	7	19
394	7	19
395	7	19
396	7	20
397	7	20
398	7	19
399	7	19
400	7	19
401	7	19
402	7	19
403	7	19
404	7	19
405	7	19
406	7	19
407	7	20
408	7	20
409	7	20
410	8	19
411	8	19
412	8	19
413	8	20
414	8	21
415	7	21
416	7	20
417	7	20
418	7	20
419	7	20
420	7	20
421	7	20
422	8	19
423	8	19
424	8	21
425	8	22
426	8	22
427	8	23
428	8	24
429	8	23
430	8	23
431	9	21
432	9	21
433	9	19
434	9	19
435	9	19
436	9	19
437	9	19
438	9	19
439	9	20
440	9	20
441	10	19
442	10	20
443	10	20
444	11	19
445	11	19
446	11	19
447	11	19
448	11	19
449	11	19
450	11	19
451	11	19
452	11	19
453	11	19
454	11	18
455	11	18
456	11	17
457	11	17
458	11	17
459	11	17
460	11	17
461	11	17
462	10	17
463	10	15
464	10	15
465	10	14
466	10	14
467	10	14
468	10	14
469	10	14
470	10	14
471	10	14
472	10	14
473	10	14
474	11	13
475	11	14
476	10	14
477	10	14
478	10	14
479	10	15
480	10	15
481	10	14
482	10	14
483	10	14
484	10	15
485	10	15
486	10	15
487	10	13
488	10	12
489	10	12
490	10	12
491	10	12
492	10	12
493	10	12
494	11	10
495	11	10
496	11	10
497	11	11
498	11	11
499	11	11
500	11	12
501	11	12
502	11	12
503	11	12
504	11	11
505	11	11
506	11	11
507	11	11
508	11	10
509	11	10
510	11	10
511	11	8
512	11	8
513	11	8
514	11	8
515	11	8
516	11	8
517	11	9
518	11	8
519	11	8
520	11	8
521	11	9
522	11	9
523	11	9
524	11	8
525	11	8
526	11	8
527	11	8
528	11	8
529	10	8
530	10	8
531	10	8
532	10	7
533	10	6
534	10	6
535	10	6
536	10	5
537	10	5
538	10	5
539	10	5
540	10	4
541	10	4
542	10	4
543	10	4
544	11	3
545	11	3
546	11	3
547	11	3
548	11	3
549	11	3
550	11	2
551	11	3
552	10	3
553	10	3
554	10	3
555	10	3
556	10	3
557	10	4
558	10	4
559	10	4
560	10	4
561	10	3
562	10	3
563	10	3
564	10	3
565	10	3
566	9	4
567	9	4
568	8	4
569	8	4
570	8	4
571	8	4
572	8	4
573	8	4
574	8	5
575	8	5
576	8	5
577	8	6
578	8	6
579	7	6
580	7	7
581	6	7
582	6	6
583	6	4
584	6	4
585	6	4
586	6	4
587	6	4
588	6	4
589	6	4
590	6	4
591	7	3
592	7	3
593	7	3
594	7	3
595	7	3
596	7	3
597	7	3
598	7	3
599	7	2
600	6	2
601	6	2
602	6	2
603	5	2
604	5	2
605	5	2
606	5	2
607	5	2
608	5	3
609	5	3
610	5	2
611	5	2
612	5	2
613	5	2
614	5	3
615	5	4
616	5	4
617	5	4
618	5	4
619	5	4
620	5	4
621	5	4
622	5	4
623	5	3
624	5	2
625	5	3
626	4	3
627	4	3
628	4	4
629	4	4
630	4	4
631	4	4
632	4	4
633	3	5
634	3	5
635	3	5
636	3	5
637	3	6
638	3	6
639	3	6
640	3	6
641	3	6
642	3	7
643	4	6
644	4	6
645	4	6
646	4	7
647	4	7
648	4	7
649	4	7
650	4	8
651	4	8
652	4	8
653	4	8
654	4	9
655	4	8
656	4	8
657	4	10
658	4	10
659	5	9
660	5	9
661	5	10
662	5	10
663	5	10
664	5	11
665	6	10
666	6	10
667	6	10
668	6	11
669	6	11
670	6	11
671	6	11
672	6	11
673	6	11
674	6	11
675	6	11
676	6	10
677	6	10
678	5	10
679	5	10
680	5	10
681	5	10
682	5	11
683	5	13
684	5	13
685	5	13
686	5	12
687	5	12
688	5	12
689	5	12
690	5	12
691	5	13
692	5	15
693	5	15
694	4	15
695	4	15
696	4	15
697	4	15
698	4	15
699	4	16
700	4	17
701	4	17
702	4	19
703	4	19
704	4	19
705	4	19
706	4	20
707	4	20
708	4	20
709	4	20
710	4	20
711	4	21
712	4	21
713	5	20
714	5	20
715	5	20
716	5	20
717	5	20
718	5	20
719	5	20
720	5	20
721	5	20
722	5	21
723	6	20
724	6	21
725	6	21
726	6	21
727	7	21
728	7	21
729	7	22
730	8	21
731	8	21
732	8	22
733	8	23
734	8	23
735	8	23
736	8	23
737	8	22
738	8	22
739	8	21
740	8	21
741	8	21
742	8	21
743	8	21
744	8	21
745	8	20
746	8	19
747	8	19
748	8	20
749	8	19
750	8	19
751	8	19
752	8	19
753	8	19
754	8	19
755	8	19
756	8	19
757	8	19
758	8	20
759	8	19
760	8	19
761	8	19
762	8	19
763	8	19
764	8	19
765	8	19
766	8	19
767	8	20
768	9	18
769	9	18
770	9	19
771	9	19
772	9	19
773	9	19
774	9	19
775	9	19
776	9	18
777	9	17
778	9	16
779	9	16
780	9	16
781	9	16
782	9	16
783	9	16
784	9	16
785	9	18
786	9	18
787	8	18
788	9	18
789	9	18
790	9	17
791	9	18
792	9	18
793	9	18
794	9	17
795	10	16
796	10	14
797	10	13
798	10	13
799	10	13
800	10	13
801	10	13
802	10	13
803	10	13
804	10	13
805	10	13
806	11	12
807	12	11
808	12	11
809	12	11
810	11	10
811	11	10
812	11	9
813	11	9
814	11	9
815	11	9
816	11	10
817	11	10
818	11	11
819	11	12
820	11	12
821	11	12
822	11	12
823	10	12
824	10	12
825	10	12
826	10	12
827	10	12
828	11	11
829	11	11
830	12	10
831	12	9
832	12	9
833	12	9
834	12	9
835	12	9
836	12	9
837	12	9
838	12	9
839	12	9
840	12	9
841	12	8
842	12	8
843	12	7
844	12	7
845	12	7
846	12	6
847	12	6
848	12	6
849	12	7
850	12	7
851	12	7
852	12	7
853	12	7
854	12	7
855	12	7
856	12	7
857	12	6
858	12	6
859	12	6
860	12	6
861	12	5
862	12	6
863	12	5
864	12	5
865	11	6
866	10	6
867	10	6
868	10	6
869	10	6
870	10	6
871	10	5
872	10	5
873	9	5
874	9	5
875	9	5
876	9	5
877	9	6
878	9	6
879	8	7
880	7	8
881	7	8
882	7	8
883	7	8
884	7	9
885	7	10
886	7	10
887	6	10
888	6	10
889	6	10
890	5	10
891	5	10
892	5	10
893	5	10
894	5	11
895	5	10
896	5	10
897	5	10
898	5	10
899	5	10
900	5	10
901	5	9
902	5	9
903	5	9
904	5	11
905	5	11
906	5	12
907	5	12
908	5	13
909	5	13
910	5	13
911	5	12
912	5	12
913	5	12
914	5	12
915	5	12
916	5	12
917	5	12
918	5	12
919	5	12
920	5	12
921	5	12
922	5	13
923	5	13
924	5	14
925	5	14
926	5	15
927	5	15
928	5	15
929	5	16
930	5	17
931	5	18
932	5	18
933	5	17
934	5	17
935	5	17
936	5	17
937	5	17
938	5	17
939	5	17
940	5	17
941	5	17
942	5	17
943	5	16
944	5	17
945	5	18
946	5	19
947	5	20
948	5	20
949	5	18
950	5	18
951	5	19
952	5	20
953	5	21
954	6	19
955	6	19
956	6	19
957	6	19
958	6	19
959	6	20
960	6	20
961	6	22
962	6	22
963	6	21
964	6	22
965	6	22
966	6	21
967	6	20
968	6	20
969	6	19
970	6	19
971	6	19
972	6	19
973	6	19
974	6	18
975	6	20
976	6	20
977	6	21
978	6	21
979	6	21
980	6	22
981	6	22
982	6	22
983	6	22
984	6	22
985	6	22
986	6	22
987	6	22
988	6	22
989	6	22
990	6	24
991	6	24
992	6	24
993	6	23
994	6	23
995	6	23
996	6	22
997	7	22
998	7	22
999	7	22
1000	7	22
1001	7	22
1002	7	21
1003	7	22
1004	7	22
1005	7	22
1006	7	21
1007	7	21
1008	7	21
1009	7	21
1010	7	21
1011	7	21
1012	7	21
1013	8	20
1014	8	20
1015	8	20
1016	8	20
1017	8	20
1018	8	21
1019	9	20
1020	9	20
1021	9	20
1022	9	20
1023	9	20
1024	9	20
1025	9	20
1026	9	20
1027	10	19
1028	10	19
1029	10	20
1030	10	20
1031	10	20
1032	10	20
1033	10	20
1034	10	20
1035	10	20
1036	10	19
1037	10	19
1038	10	19
1039	10	19
1040	10	18
1041	10	17
1042	10	17
1043	10	17
1044	10	18
1045	10	16
1046	10	16
1047	10	16
1048	10	16
1049	10	17
1050	10	17
1051	10	17
1052	10	17
1053	10	17
1054	10	17
1055	10	16
1056	10	16
1057	10	16
1058	10	16
1059	10	16
1060	10	16
1061	10	16
1062	10	16
1063	10	16
1064	10	16
1065	10	16
1066	10	16
1067	10	14
1068	10	14
1069	10	14
1070	10	14
1071	10	13
1072	10	13
1073	10	14
1074	10	13
1075	10	13
1076	10	13
1077	10	13
1078	10	13
1079	10	13
1080	10	12
1081	10	12
1082	10	12
1083	10	12
1084	10	12
1085	10	12
1086	10	13
1087	10	13
1088	10	13
1089	10	13
1090	10	13
1091	10	13
1092	10	13
1093	10	14
1094	10	15
1095	11	14
1096	11	14
1097	11	14
1098	11	12
1099	11	12
1100	11	12
1101	11	12
1102	11	12
1103	11	12
1104	11	11
1105	11	11
1106	11	11
1107	11	11
1108	11	11
1109	11	10
1110	10	10
1111	9	9
1112	9	9
1113	9	8
1114	9	9
1115	9	9
1116	9	8
1117	9	8
1118	9	8
1119	9	8
1120	9	8
1121	9	8
1122	9	8
1123	9	7
1124	9	7
1125	9	6
1126	9	6
1127	9	6
1128	9	6
1129	8	6
1130	8	6
1131	9	5
1132	9	5
1133	9	5
1134	9	5
1135	10	4
1136	10	4
1137	10	4
1138	10	4
1139	10	4
1140	10	4
1141	10	4
1142	10	4
1143	10	4
1144	10	5
1145	10	5
1146	10	5
1147	10	5
1148	10	5
1149	10	5
1150	10	4
1151	10	4
1152	10	4
1153	10	4
1154	10	4
1155	10	4
1156	10	3
1157	10	4
1158	10	4
1159	10	4
1160	10	4
1161	10	3
1162	10	3
1163	10	3
1164	10	3
1165	10	3
1166	10	3
1167	10	2
1168	9	2
1169	9	2
1170	8	2
1171	8	2
1172	8	2
1173	8	3
1174	8	2
1175	8	2
1176	8	2
1177	8	1
1178	8	1
1179	8	1
1180	8	1
1181	8	1
1182	8	1
1183	8	1
1184	8	1
1185	8	1
1186	8	1
1187	8	1
1188	8	2
1189	8	2
1190	9	1
1191	9	1
1192	9	1
1193	9	1
1194	9	1
1195	9	1
1196	9	1
1197	9	0
1198	6	8
