Cycle	Predator Population	Prey Population
1	6	8
2	6	8
3	6	8
4	6	9
5	6	10
6	6	10
7	6	9
8	6	9
9	6	9
10	6	11
11	6	11
12	6	11
13	6	11
14	6	10
15	6	10
16	6	10
17	6	10
18	6	10
19	6	10
20	6	11
21	6	11
22	6	11
23	6	11
24	6	11
25	6	10
26	6	10
27	6	11
28	6	12
29	6	12
30	7	11
31	7	11
32	7	11
33	7	12
34	7	12
35	4	12
36	4	12
37	4	12
38	4	13
39	5	12
40	5	12
41	5	12
42	5	12
43	5	12
44	5	12
45	5	12
46	5	12
47	6	11
48	6	12
49	6	12
50	6	12
51	6	12
52	6	12
53	6	12
54	6	13
55	6	13
56	6	13
57	6	13
58	6	14
59	6	14
60	6	14
61	6	14
62	6	14
63	6	15
64	6	15
65	6	15
66	6	15
67	6	16
68	6	16
69	6	15
70	6	16
71	6	17
72	6	18
73	6	18
74	6	19
75	6	19
76	6	19
77	6	19
78	6	19
79	6	19
80	7	18
81	7	18
82	6	18
83	6	18
84	6	18
85	6	19
86	6	19
87	6	19
88	6	19
89	6	19
90	6	20
91	7	19
92	7	18
93	7	19
94	7	19
95	7	19
96	7	19
97	7	19
98	6	19
99	6	19
100	6	19
101	6	19
102	6	20
103	6	21
104	6	22
105	6	22
106	6	23
107	6	22
108	6	22
109	6	22
110	6	22
111	6	23
112	6	23
113	6	22
114	6	22
115	5	22
116	5	21
117	5	22
118	5	22
119	5	22
120	5	23
121	5	24
122	5	23
123	5	23
124	5	23
125	5	24
126	5	24
127	5	24
128	5	24
129	5	24
130	5	24
131	5	24
132	5	24
133	6	23
134	6	24
135	6	24
136	6	24
137	6	24
138	6	24
139	6	24
140	6	24
141	6	24
142	6	24
143	6	24
144	6	23
145	6	23
146	6	23
147	6	22
148	6	22
149	6	22
150	6	23
151	6	24
152	6	23
153	6	24
154	6	24
155	6	24
156	6	24
157	6	24
158	6	24
159	6	24
160	6	24
161	6	24
162	6	24
163	6	24
164	6	24
165	6	24
166	6	24
167	6	24
168	6	24
169	6	24
170	6	24
171	6	23
172	6	24
173	6	24
174	5	24
175	5	24
176	5	24
177	6	23
178	6	23
179	6	24
180	6	24
181	6	24
182	7	24
183	7	24
184	7	23
185	7	24
186	7	24
187	7	24
188	6	24
189	6	24
190	6	24
191	6	24
192	6	24
193	6	24
194	6	24
195	7	23
196	7	22
197	7	23
198	7	23
199	7	23
200	7	24
201	7	24
202	7	24
203	7	24
204	8	23
205	8	23
206	8	23
207	8	23
208	8	22
209	8	23
210	8	22
211	8	22
212	8	21
213	8	22
214	8	21
215	8	21
216	8	21
217	8	22
218	8	22
219	8	22
220	8	23
221	8	24
222	8	24
223	8	24
224	8	23
225	8	23
226	8	23
227	8	24
228	8	24
229	8	24
230	8	24
231	8	24
232	8	24
233	8	24
234	8	24
235	8	24
236	8	24
237	8	24
238	8	23
239	7	23
240	7	23
241	7	24
242	7	24
243	7	24
244	7	23
245	7	22
246	7	23
247	7	23
248	7	23
249	7	23
250	7	24
251	7	24
252	8	23
253	8	23
254	8	24
255	7	24
256	7	24
257	7	24
258	7	24
259	8	23
260	8	24
261	8	24
262	8	24
263	8	24
264	8	24
265	9	23
266	9	23
267	9	23
268	9	24
269	9	24
270	9	24
271	9	24
272	9	24
273	9	24
274	9	24
275	9	24
276	9	24
277	9	24
278	10	22
279	10	20
280	10	20
281	10	20
282	10	21
283	10	22
284	10	22
285	10	22
286	11	23
287	11	23
288	11	23
289	11	23
290	12	22
291	12	22
292	12	22
293	12	21
294	12	21
295	12	21
296	12	21
297	12	21
298	12	21
299	12	22
300	12	22
301	12	22
302	12	21
303	12	21
304	12	23
305	13	21
306	13	21
307	13	20
308	13	20
309	13	21
310	13	23
311	13	23
312	13	23
313	13	23
314	13	23
315	13	24
316	13	24
317	13	22
318	13	22
319	13	21
320	13	21
321	12	21
322	12	20
323	12	20
324	12	20
325	12	20
326	12	21
327	12	22
328	12	21
329	12	20
330	11	20
331	11	20
332	12	18
333	12	18
334	12	18
335	12	18
336	12	18
337	12	18
338	12	18
339	12	18
340	12	19
341	12	19
342	12	20
343	13	20
344	13	20
345	13	19
346	13	19
347	13	18
348	13	18
349	13	18
350	13	17
351	13	17
352	13	17
353	13	17
354	13	17
355	13	17
356	13	16
357	13	15
358	13	15
359	13	16
360	13	16
361	12	14
362	12	13
363	12	12
364	12	12
365	12	12
366	12	11
367	12	11
368	12	11
369	12	11
370	12	10
371	12	10
372	12	10
373	12	10
374	12	9
375	11	9
376	11	9
377	11	9
378	10	9
379	10	9
380	10	9
381	10	8
382	10	8
383	10	8
384	10	8
385	10	8
386	10	8
387	10	9
388	10	9
389	10	9
390	10	9
391	10	9
392	9	9
393	8	9
394	8	9
395	8	9
396	8	9
397	8	9
398	8	9
399	8	10
400	8	10
401	8	10
402	8	10
403	8	11
404	8	12
405	8	12
406	8	12
407	8	11
408	8	11
409	8	10
410	7	9
411	7	9
412	7	9
413	7	9
414	7	9
415	7	9
416	7	10
417	7	10
418	7	11
419	7	11
420	7	9
421	7	10
422	7	10
423	7	10
424	7	10
425	7	10
426	6	10
427	6	9
428	6	9
429	6	9
430	6	9
431	6	9
432	6	9
433	6	9
434	6	9
435	6	9
436	6	9
437	6	8
438	6	8
439	6	8
440	6	8
441	6	8
442	6	9
443	6	9
444	6	9
445	6	9
446	6	10
447	7	9
448	7	9
449	7	9
450	7	9
451	7	7
452	7	6
453	7	6
454	7	6
455	7	7
456	7	7
457	7	7
458	7	7
459	7	7
460	7	6
461	7	6
462	7	6
463	7	6
464	7	6
465	7	7
466	7	7
467	7	7
468	7	7
469	7	7
470	7	7
471	7	7
472	7	6
473	7	6
474	7	7
475	7	8
476	7	8
477	7	8
478	7	9
479	7	9
480	7	9
481	7	10
482	7	10
483	7	10
484	7	10
485	7	10
486	7	9
487	7	9
488	7	9
489	7	9
490	7	10
491	7	11
492	7	11
493	7	11
494	7	11
495	7	11
496	7	14
497	8	13
498	8	13
499	8	12
500	8	11
501	8	11
502	8	11
503	8	11
504	8	11
505	8	11
506	8	12
507	8	12
508	8	12
509	8	12
510	8	12
511	8	12
512	8	12
513	8	12
514	8	12
515	8	12
516	8	12
517	8	12
518	6	12
519	6	11
520	6	11
521	6	12
522	6	13
523	6	14
524	6	14
525	6	15
526	6	15
527	6	15
528	6	16
529	6	16
530	6	15
531	6	15
532	5	15
533	5	16
534	5	16
535	5	17
536	5	16
537	5	16
538	5	16
539	5	16
540	5	16
541	5	16
542	5	17
543	5	17
544	5	17
545	5	17
546	5	17
547	5	17
548	5	19
549	5	19
550	5	19
551	5	20
552	5	21
553	5	22
554	5	22
555	5	22
556	5	22
557	5	21
558	5	22
559	5	22
560	5	22
561	5	22
562	5	22
563	5	23
564	5	24
565	5	24
566	5	23
567	6	21
568	6	20
569	6	20
570	6	21
571	6	21
572	6	21
573	6	21
574	6	21
575	6	21
576	6	21
577	6	21
578	6	21
579	6	22
580	6	22
581	6	22
582	6	22
583	6	21
584	6	21
585	6	21
586	6	21
587	6	22
588	6	22
589	6	21
590	6	20
591	6	21
592	6	21
593	6	21
594	6	21
595	7	20
596	7	20
597	7	20
598	7	20
599	7	22
600	7	23
601	7	24
602	6	23
603	6	23
604	6	23
605	6	23
606	6	23
607	6	23
608	6	23
609	6	23
610	6	23
611	6	23
612	6	23
613	6	23
614	6	23
615	6	22
616	6	22
617	6	22
618	6	22
619	6	20
620	6	19
621	6	21
622	6	22
623	6	23
624	6	23
625	6	24
626	6	24
627	6	24
628	6	24
629	6	24
630	6	24
631	6	24
632	6	24
633	6	24
634	6	23
635	6	23
636	6	23
637	6	23
638	6	23
639	6	23
640	6	23
641	6	23
642	6	23
643	7	22
644	7	22
645	7	22
646	7	22
647	7	24
648	7	24
649	7	24
650	7	24
651	7	24
652	7	24
653	7	24
654	6	24
655	7	23
656	7	24
657	7	24
658	7	24
659	7	24
660	7	24
661	7	23
662	7	24
663	7	24
664	7	24
665	7	24
666	7	24
667	8	23
668	8	22
669	8	21
670	8	21
671	8	21
672	8	20
673	8	21
674	8	20
675	8	22
676	8	22
677	8	23
678	7	23
679	7	24
680	7	24
681	7	24
682	7	24
683	8	23
684	8	24
685	8	24
686	8	24
687	8	24
688	8	24
689	8	24
690	8	23
691	8	23
692	8	23
693	8	23
694	8	23
695	8	24
696	8	24
697	8	24
698	8	24
699	8	23
700	8	23
701	8	23
702	8	22
703	8	22
704	8	22
705	8	23
706	8	23
707	9	21
708	9	21
709	9	21
710	9	21
711	9	20
712	9	20
713	9	21
714	9	21
715	9	21
716	9	21
717	9	21
718	9	21
719	9	21
720	9	21
721	9	22
722	9	21
723	9	22
724	9	22
725	9	23
726	9	23
727	9	22
728	8	22
729	8	22
730	8	22
731	8	21
732	8	20
733	8	20
734	8	19
735	8	19
736	8	20
737	8	19
738	8	19
739	8	20
740	8	20
741	8	20
742	8	20
743	8	20
744	8	20
745	8	19
746	8	19
747	8	19
748	8	19
749	8	19
750	8	19
751	8	19
752	8	19
753	8	19
754	8	19
755	8	19
756	8	19
757	8	20
758	8	20
759	8	21
760	8	21
761	8	20
762	8	20
763	8	20
764	8	19
765	8	20
766	8	21
767	8	20
768	8	20
769	8	20
770	8	20
771	8	20
772	8	21
773	8	21
774	8	21
775	8	20
776	8	20
777	8	20
778	8	20
779	8	20
780	8	20
781	8	20
782	8	20
783	8	20
784	8	21
785	8	20
786	8	20
787	8	20
788	9	19
789	9	19
790	9	19
791	9	18
792	9	19
793	9	20
794	9	20
795	9	20
796	9	21
797	9	21
798	9	20
799	9	20
800	9	20
801	9	19
802	9	20
803	9	21
804	9	21
805	9	21
806	9	22
807	9	21
808	9	21
809	8	21
810	8	21
811	8	22
812	8	22
813	8	22
814	8	22
815	8	22
816	8	21
817	8	21
818	8	22
819	8	22
820	8	22
821	8	22
822	8	21
823	8	21
824	8	21
825	7	21
826	7	20
827	7	20
828	7	20
829	7	20
830	7	20
831	7	20
832	7	20
833	7	20
834	7	20
835	7	20
836	7	20
837	7	20
838	7	20
839	7	20
840	7	20
841	6	20
842	6	20
843	6	22
844	6	22
845	6	23
846	6	22
847	6	22
848	6	20
849	6	20
850	6	20
851	6	20
852	6	20
853	6	19
854	6	19
855	6	20
856	6	19
857	6	18
858	6	18
859	6	18
860	6	18
861	6	18
862	6	18
863	6	18
864	6	18
865	6	18
866	6	18
867	6	19
868	6	19
869	6	19
870	7	19
871	7	18
872	7	18
873	7	17
874	7	17
875	7	17
876	7	18
877	7	18
878	7	18
879	7	18
880	7	18
881	7	20
882	7	20
883	7	20
884	7	20
885	7	20
886	7	20
887	7	20
888	7	20
889	7	21
890	7	21
891	7	21
892	7	21
893	7	21
894	8	20
895	8	19
896	9	18
897	9	19
898	9	18
899	9	18
900	9	19
901	9	19
902	9	20
903	9	20
904	9	20
905	8	21
906	8	21
907	8	20
908	8	20
909	8	20
910	8	20
911	8	20
912	8	20
913	8	20
914	8	20
915	8	20
916	8	20
917	8	21
918	8	21
919	7	20
920	7	21
921	7	21
922	7	22
923	7	22
924	7	21
925	7	22
926	7	21
927	8	20
928	8	20
929	8	20
930	8	20
931	8	21
932	8	22
933	8	23
934	8	23
935	8	23
936	8	23
937	8	23
938	8	23
939	8	23
940	9	22
941	9	21
942	9	21
943	9	21
944	9	20
945	9	19
946	9	19
947	9	19
948	9	19
949	10	18
950	10	18
951	10	18
952	10	18
953	10	19
954	10	18
955	10	18
956	10	18
957	10	18
958	10	19
959	10	19
960	10	19
961	10	20
962	10	20
963	10	20
964	10	20
965	10	20
966	10	20
967	10	20
968	10	20
969	10	20
970	11	20
971	11	21
972	11	21
973	11	20
974	11	17
975	10	17
976	10	17
977	10	16
978	10	18
979	10	17
980	10	17
981	10	18
982	10	18
983	10	18
984	10	18
985	9	19
986	9	19
987	8	20
988	8	20
989	8	19
990	8	19
991	9	18
992	9	18
993	9	19
994	9	19
995	9	19
996	9	19
997	9	19
998	9	19
999	9	19
1000	9	19
1001	9	22
1002	9	22
1003	9	22
1004	9	21
1005	9	20
1006	9	20
1007	9	20
1008	9	20
1009	9	20
1010	9	20
1011	9	20
1012	9	20
1013	9	20
1014	9	20
1015	8	21
1016	8	21
1017	8	22
1018	8	20
1019	8	20
1020	8	21
1021	8	20
1022	8	20
1023	7	20
1024	7	19
1025	7	19
1026	6	19
1027	6	19
1028	6	18
1029	6	18
1030	6	17
1031	6	17
1032	6	17
1033	6	17
1034	6	17
1035	7	16
1036	7	16
1037	7	19
1038	7	20
1039	7	20
1040	7	20
1041	7	20
1042	7	20
1043	7	20
1044	7	20
1045	7	19
1046	7	19
1047	7	19
1048	7	20
1049	7	20
1050	7	20
1051	7	20
1052	7	20
1053	7	20
1054	7	20
1055	7	20
1056	7	19
1057	7	19
1058	8	18
1059	8	18
1060	8	18
1061	8	18
1062	8	18
1063	8	18
1064	8	17
1065	8	18
1066	8	18
1067	8	18
1068	8	18
1069	8	19
1070	8	20
1071	8	19
1072	8	18
1073	8	18
1074	8	18
1075	8	18
1076	8	18
1077	8	18
1078	8	18
1079	8	19
1080	9	18
1081	9	18
1082	8	19
1083	8	19
1084	8	19
1085	8	19
1086	8	20
1087	8	20
1088	8	22
1089	8	22
1090	8	22
1091	8	22
1092	8	22
1093	7	22
1094	7	23
1095	7	23
1096	7	23
1097	7	23
1098	7	24
1099	7	24
1100	7	24
1101	7	24
1102	7	24
1103	7	24
1104	7	24
1105	7	24
1106	7	24
1107	7	24
1108	7	24
1109	7	24
1110	7	23
1111	7	23
1112	7	23
1113	7	23
1114	7	23
1115	6	24
1116	6	24
1117	5	24
1118	6	23
1119	6	24
1120	6	24
1121	6	23
1122	6	24
1123	6	24
1124	5	24
1125	5	24
1126	5	23
1127	5	23
1128	5	24
1129	5	24
1130	5	24
1131	5	24
1132	5	24
1133	5	24
1134	5	24
1135	5	24
1136	5	24
1137	5	24
1138	5	24
1139	5	24
1140	5	24
1141	5	24
1142	5	23
1143	5	24
1144	5	23
1145	5	23
1146	5	22
1147	5	22
1148	5	22
1149	5	22
1150	5	22
1151	5	22
1152	5	22
1153	5	23
1154	5	24
1155	5	24
1156	5	24
1157	5	24
1158	5	24
1159	5	24
1160	5	24
1161	6	24
1162	6	24
1163	6	24
1164	7	24
1165	7	24
1166	7	24
1167	7	24
1168	8	23
1169	8	23
1170	8	23
1171	8	24
1172	8	24
1173	8	24
1174	8	24
1175	8	24
1176	8	24
1177	8	24
1178	8	24
1179	8	24
1180	8	24
1181	8	24
1182	8	24
1183	8	24
1184	8	24
1185	8	24
1186	8	24
1187	9	23
1188	9	23
1189	10	22
1190	10	21
1191	10	21
1192	10	22
1193	10	22
1194	10	22
1195	10	22
1196	11	22
1197	11	22
1198	11	22
1199	11	22
1200	11	22
1201	11	22
1202	11	22
1203	11	22
1204	11	22
1205	11	23
1206	11	24
1207	11	24
1208	11	24
1209	11	24
1210	11	24
1211	11	24
1212	11	23
1213	11	22
1214	11	22
1215	11	22
1216	12	21
1217	12	21
1218	13	20
1219	13	19
1220	13	19
1221	13	19
1222	13	20
1223	13	20
1224	13	20
1225	14	19
1226	14	18
1227	14	19
1228	14	19
1229	14	19
1230	14	20
1231	14	20
1232	14	20
1233	14	20
1234	14	21
1235	14	21
1236	14	21
1237	14	20
1238	14	18
1239	14	18
1240	14	18
1241	14	18
1242	14	17
1243	14	17
1244	14	16
1245	14	16
1246	14	16
1247	14	17
1248	14	17
1249	14	16
1250	14	16
1251	13	16
1252	12	16
1253	12	16
1254	12	16
1255	12	17
1256	12	17
1257	12	17
1258	12	17
1259	12	17
1260	11	18
1261	11	18
1262	11	16
1263	11	16
1264	11	15
1265	11	16
1266	11	16
1267	11	17
1268	11	16
1269	11	16
1270	11	14
1271	10	14
1272	10	15
1273	10	16
1274	10	16
1275	10	16
1276	10	16
1277	10	17
1278	10	17
1279	10	16
1280	10	16
1281	10	16
1282	10	15
1283	10	15
1284	10	15
1285	10	15
1286	9	15
1287	9	16
1288	9	14
1289	9	13
1290	9	14
1291	9	14
1292	9	15
1293	9	15
1294	9	15
1295	9	15
1296	10	14
1297	10	14
1298	10	15
1299	10	14
1300	10	15
1301	10	15
1302	10	15
1303	10	15
1304	10	16
1305	10	16
1306	10	15
1307	10	14
1308	10	14
1309	10	14
1310	10	14
1311	10	14
1312	10	14
1313	10	15
1314	10	13
1315	10	13
1316	10	13
1317	10	13
1318	10	13
1319	10	13
1320	10	12
1321	10	12
1322	10	12
1323	10	11
1324	10	10
1325	10	9
1326	10	9
1327	10	9
1328	10	9
1329	10	9
1330	10	9
1331	10	10
1332	10	10
1333	9	9
1334	9	9
1335	8	9
1336	8	9
1337	8	10
1338	8	10
1339	8	9
1340	8	9
1341	8	10
1342	8	11
1343	8	11
1344	8	11
1345	8	11
1346	8	11
1347	8	12
1348	8	12
1349	8	12
1350	8	12
1351	8	13
1352	8	13
1353	8	13
1354	8	13
1355	8	13
1356	8	14
1357	8	14
1358	8	13
1359	8	12
1360	8	13
1361	8	13
1362	7	13
1363	7	13
1364	7	13
1365	6	14
1366	6	14
1367	6	14
1368	6	12
1369	6	12
1370	6	11
1371	6	11
1372	6	10
1373	6	10
1374	6	10
1375	6	11
1376	6	11
1377	6	12
1378	6	12
1379	6	11
1380	6	12
1381	6	12
1382	6	12
1383	6	12
1384	6	12
1385	6	12
1386	6	12
1387	6	12
1388	6	12
1389	6	13
1390	6	13
1391	6	13
1392	6	13
1393	6	13
1394	6	13
1395	6	14
1396	6	16
1397	6	16
1398	6	15
1399	6	15
1400	6	15
1401	6	15
1402	6	16
1403	6	15
1404	6	15
1405	6	16
1406	6	16
1407	6	16
1408	6	16
1409	6	16
1410	6	16
1411	6	17
1412	6	17
1413	6	17
1414	5	17
1415	5	16
1416	5	16
1417	5	16
1418	6	15
1419	6	15
1420	6	15
1421	6	15
1422	6	15
1423	6	15
1424	6	15
1425	6	16
1426	6	16
1427	6	16
1428	6	16
1429	6	18
1430	6	18
1431	6	18
1432	6	18
1433	6	18
1434	6	18
1435	6	16
1436	6	16
1437	6	15
1438	6	15
1439	6	15
1440	6	15
1441	6	15
1442	6	14
1443	6	15
1444	6	15
1445	6	15
1446	6	16
1447	6	16
1448	6	16
1449	6	16
1450	6	17
1451	6	16
1452	6	17
1453	6	17
1454	6	17
1455	6	17
1456	6	17
1457	6	17
1458	6	18
1459	6	18
1460	6	18
1461	6	18
1462	6	19
1463	6	19
1464	6	18
1465	6	18
1466	6	18
1467	6	19
1468	6	20
1469	6	20
1470	6	21
1471	6	21
1472	6	21
1473	6	21
1474	6	21
1475	6	20
1476	6	20
1477	6	20
1478	7	18
1479	7	18
1480	7	18
1481	7	18
1482	7	18
1483	7	18
1484	7	19
1485	7	20
1486	7	22
1487	8	21
1488	8	21
1489	8	21
1490	8	22
1491	8	22
1492	8	21
1493	8	21
1494	8	21
1495	8	22
1496	8	22
1497	8	22
1498	8	22
1499	8	22
1500	8	22
1501	8	23
1502	8	23
1503	8	24
1504	8	24
1505	8	24
1506	9	23
1507	9	23
1508	8	24
1509	8	24
1510	8	24
1511	8	24
1512	8	24
1513	7	24
1514	7	24
1515	7	24
1516	7	23
1517	7	23
1518	7	24
1519	6	24
1520	7	23
1521	7	23
1522	7	23
1523	7	24
1524	7	24
1525	7	24
1526	7	24
1527	7	24
1528	7	24
1529	7	24
1530	7	24
1531	6	24
1532	6	24
1533	6	24
1534	7	23
1535	7	23
1536	7	23
1537	7	23
1538	7	23
1539	7	23
1540	7	23
1541	7	23
1542	7	23
1543	7	23
1544	7	23
1545	8	22
1546	8	22
1547	8	21
1548	8	22
1549	8	22
1550	8	23
1551	8	24
1552	8	24
1553	8	24
1554	8	24
1555	7	24
1556	7	24
1557	7	23
1558	8	22
1559	8	22
1560	8	22
1561	8	23
1562	8	24
1563	9	24
1564	9	24
1565	9	24
1566	9	24
1567	9	24
1568	9	24
1569	9	24
1570	9	24
1571	9	24
1572	9	24
1573	9	24
1574	9	23
1575	9	23
1576	9	23
1577	9	22
1578	9	23
1579	9	23
1580	8	24
1581	8	24
1582	8	24
1583	8	24
1584	8	23
1585	8	23
1586	8	23
1587	8	22
1588	9	20
1589	9	20
1590	11	18
1591	11	18
1592	11	19
1593	11	19
1594	11	19
1595	11	19
1596	11	20
1597	11	20
1598	11	19
1599	11	19
1600	11	19
1601	11	21
1602	12	20
1603	12	20
1604	12	21
1605	12	20
1606	12	21
1607	12	22
1608	12	22
1609	12	21
1610	12	20
1611	12	19
1612	12	19
1613	12	18
1614	12	18
1615	12	19
1616	13	18
1617	13	18
1618	13	18
1619	13	19
1620	13	19
1621	13	19
1622	14	18
1623	14	17
1624	14	16
1625	14	15
1626	14	15
1627	14	16
1628	14	16
1629	14	15
1630	14	15
1631	14	15
1632	14	15
1633	14	14
1634	14	14
1635	14	14
1636	14	16
1637	14	15
1638	14	15
1639	14	15
1640	15	14
1641	15	14
1642	15	14
1643	15	14
1644	15	14
1645	15	14
1646	15	14
1647	15	14
1648	15	11
1649	15	11
1650	15	11
1651	15	11
1652	15	11
1653	15	10
1654	15	9
1655	15	9
1656	15	9
1657	15	9
1658	15	7
1659	15	7
1660	15	7
1661	15	7
1662	15	7
1663	15	6
1664	15	6
1665	16	5
1666	16	5
1667	16	6
1668	16	6
1669	16	6
1670	16	7
1671	16	7
1672	16	7
1673	16	7
1674	15	6
1675	14	6
1676	14	6
1677	14	6
1678	14	6
1679	14	5
1680	14	5
1681	14	4
1682	14	4
1683	13	4
1684	13	4
1685	13	4
1686	13	4
1687	12	5
1688	11	5
1689	11	5
1690	11	5
1691	11	4
1692	11	5
1693	11	5
1694	11	5
1695	11	5
1696	11	5
1697	11	4
1698	11	3
1699	11	3
1700	10	3
1701	10	3
1702	10	3
1703	10	3
1704	10	3
1705	10	3
1706	10	2
1707	10	2
1708	10	2
1709	10	2
1710	10	2
1711	10	2
1712	9	2
1713	9	2
1714	9	2
1715	9	2
1716	9	2
1717	9	1
1718	8	1
1719	8	1
1720	7	1
1721	7	1
1722	6	1
1723	6	1
1724	6	1
1725	6	1
1726	6	1
1727	6	1
1728	6	1
1729	6	1
1730	6	1
1731	6	1
1732	6	1
1733	6	1
1734	6	1
1735	6	1
1736	6	2
1737	6	1
1738	6	1
1739	6	2
1740	6	2
1741	6	2
1742	6	2
1743	6	2
1744	6	2
1745	6	2
1746	6	2
1747	6	2
1748	5	2
1749	5	2
1750	5	2
1751	4	2
1752	4	2
1753	4	2
1754	3	3
1755	3	3
1756	2	3
1757	2	3
1758	2	3
1759	2	3
1760	2	4
1761	2	5
1762	2	5
1763	2	6
1764	2	7
1765	2	7
1766	2	7
1767	2	9
1768	2	9
1769	2	9
1770	1	9
1771	1	9
1772	1	9
1773	1	9
1774	1	9
1775	1	12
1776	1	12
1777	1	12
1778	1	12
1779	1	12
1780	1	12
1781	1	11
1782	1	12
1783	1	13
1784	1	14
1785	1	15
1786	1	15
1787	1	16
1788	1	17
1789	1	17
1790	1	17
1791	1	17
1792	1	17
1793	1	18
1794	1	18
1795	1	19
1796	1	19
1797	1	19
1798	1	20
1799	1	21
1800	1	23
1801	1	24
1802	1	24
1803	1	24
1804	1	24
1805	1	24
1806	1	24
1807	1	24
1808	1	24
1809	1	24
1810	1	24
1811	1	24
1812	1	24
1813	1	24
1814	1	24
1815	1	23
1816	1	24
1817	1	24
1818	1	24
1819	1	24
1820	1	24
1821	1	24
1822	1	24
1823	1	24
1824	1	24
1825	1	24
1826	1	24
1827	1	24
1828	1	24
1829	1	24
1830	1	24
1831	1	24
1832	1	24
1833	1	24
1834	1	24
1835	1	24
1836	1	24
1837	1	24
1838	1	24
1839	1	24
1840	1	24
1841	1	24
1842	1	24
1843	1	24
1844	1	24
1845	1	24
1846	1	24
1847	1	24
1848	1	24
1849	1	24
1850	1	23
1851	1	24
1852	1	24
1853	1	24
1854	1	24
1855	1	24
1856	1	24
1857	1	24
1858	1	24
1859	1	24
1860	1	24
1861	1	24
1862	1	24
1863	1	24
1864	1	24
1865	1	24
1866	1	24
1867	1	24
1868	1	24
1869	1	24
1870	1	24
1871	1	24
1872	1	24
1873	1	24
1874	1	24
1875	1	24
1876	1	24
1877	1	24
1878	1	24
1879	1	24
1880	1	24
1881	1	24
1882	1	24
1883	1	24
1884	1	24
1885	1	24
1886	1	24
1887	1	24
1888	1	24
1889	1	24
1890	1	24
1891	1	24
1892	1	24
1893	1	24
1894	1	24
1895	1	24
1896	1	24
1897	1	24
1898	1	24
1899	1	24
1900	1	24
1901	1	24
1902	1	24
1903	1	24
1904	1	24
1905	1	24
1906	1	24
1907	1	24
1908	1	24
1909	1	24
1910	1	24
1911	1	23
1912	1	24
1913	1	24
1914	1	24
1915	1	24
1916	1	24
1917	1	24
1918	1	24
1919	1	24
1920	1	24
1921	1	24
1922	1	24
1923	1	24
1924	1	24
1925	1	24
1926	1	24
1927	1	24
1928	1	24
1929	1	24
1930	1	24
1931	1	24
1932	1	24
1933	1	24
1934	1	24
1935	1	24
1936	1	24
1937	1	24
1938	1	24
1939	1	24
1940	1	24
1941	1	24
1942	1	24
1943	1	24
1944	1	24
1945	1	24
1946	1	24
1947	1	24
1948	1	24
1949	1	24
1950	1	24
1951	1	24
1952	1	24
1953	1	24
1954	1	24
1955	2	24
1956	2	24
1957	2	24
1958	2	24
1959	2	24
1960	2	24
1961	2	24
1962	2	24
1963	2	24
1964	2	24
1965	2	24
1966	2	24
1967	3	23
1968	3	23
1969	3	24
1970	3	24
1971	3	24
1972	4	24
1973	4	24
1974	4	24
1975	4	24
1976	4	24
1977	4	24
1978	4	24
1979	4	24
1980	4	24
1981	4	24
1982	4	24
1983	4	24
1984	4	24
1985	4	24
1986	4	24
1987	4	24
1988	4	24
1989	4	24
1990	5	24
1991	5	24
1992	5	24
1993	5	24
1994	5	24
1995	5	24
1996	5	24
1997	6	24
1998	6	24
1999	6	24
2000	6	24
2001	6	8
