Cycle	Predator Population	Prey Population
1	6	8
2	6	8
3	6	9
4	6	9
5	6	9
6	6	9
7	6	9
8	6	9
9	6	9
10	6	9
11	6	10
12	6	9
13	6	11
14	6	10
15	6	10
16	6	10
17	6	10
18	6	12
19	6	12
20	6	12
21	6	12
22	6	12
23	6	11
24	6	11
25	6	12
26	6	12
27	6	13
28	6	13
29	6	13
30	6	13
31	6	13
32	6	15
33	6	15
34	6	14
35	4	14
36	4	16
37	4	17
38	4	17
39	4	18
40	4	18
41	4	18
42	4	18
43	4	19
44	4	19
45	4	18
46	4	18
47	4	18
48	4	18
49	4	18
50	4	19
51	4	19
52	4	19
53	4	20
54	4	21
55	4	21
56	4	21
57	4	22
58	4	22
59	4	24
60	4	24
61	4	23
62	4	23
63	4	23
64	4	23
65	4	23
66	4	23
67	4	24
68	4	24
69	4	24
70	4	24
71	4	24
72	4	24
73	4	24
74	4	24
75	4	24
76	4	24
77	4	24
78	4	24
79	4	24
80	4	24
81	4	24
82	4	24
83	4	24
84	4	24
85	4	24
86	4	24
87	4	24
88	5	24
89	5	24
90	5	23
91	5	23
92	5	23
93	5	23
94	5	22
95	5	22
96	5	23
97	5	24
98	5	24
99	5	24
100	5	24
101	5	24
102	5	24
103	5	24
104	5	24
105	5	24
106	5	24
107	5	24
108	5	24
109	5	24
110	5	24
111	5	24
112	5	24
113	5	24
114	5	24
115	5	24
116	5	24
117	5	24
118	5	24
119	5	24
120	4	24
121	4	24
122	4	24
123	3	24
124	3	24
125	3	24
126	3	24
127	3	24
128	3	24
129	4	24
130	4	24
131	4	23
132	4	24
133	4	24
134	4	24
135	4	24
136	4	24
137	4	24
138	4	24
139	6	22
140	6	23
141	6	24
142	7	24
143	7	24
144	7	24
145	7	24
146	8	22
147	8	23
148	8	23
149	8	23
150	8	24
151	8	24
152	8	24
153	8	24
154	8	24
155	8	24
156	8	24
157	8	24
158	8	24
159	8	24
160	8	24
161	8	24
162	8	24
163	8	24
164	8	24
165	8	24
166	8	24
167	8	24
168	8	24
169	8	24
170	8	23
171	8	24
172	8	24
173	8	24
174	8	24
175	8	24
176	8	24
177	8	24
178	9	24
179	9	24
180	9	24
181	9	24
182	9	24
183	9	24
184	9	24
185	9	24
186	9	24
187	9	24
188	9	24
189	9	24
190	9	24
191	9	24
192	9	24
193	9	24
194	9	23
195	9	24
196	9	24
197	9	24
198	9	24
199	9	24
200	9	24
201	9	24
202	9	24
203	9	24
204	9	24
205	9	24
206	9	24
207	9	24
208	10	23
209	10	23
210	10	23
211	10	23
212	10	23
213	10	23
214	10	23
215	10	23
216	10	21
217	10	21
218	10	20
219	10	21
220	10	21
221	10	21
222	10	22
223	11	21
224	10	21
225	11	20
226	11	20
227	12	20
228	12	20
229	12	21
230	12	21
231	12	21
232	12	21
233	12	22
234	12	22
235	12	23
236	12	23
237	12	23
238	12	23
239	12	23
240	12	23
241	11	23
242	11	23
243	10	23
244	10	23
245	11	23
246	11	23
247	11	23
248	11	23
249	11	23
250	11	23
251	11	23
252	11	23
253	11	23
254	11	23
255	12	22
256	12	22
257	12	21
258	12	21
259	12	21
260	11	21
261	11	21
262	11	21
263	11	22
264	11	21
265	11	21
266	11	22
267	10	23
268	10	23
269	10	23
270	10	22
271	10	22
272	10	21
273	11	20
274	11	20
275	11	22
276	11	21
277	11	21
278	11	21
279	11	20
280	11	20
281	11	20
282	11	20
283	11	21
284	11	21
285	11	21
286	11	21
287	11	21
288	11	21
289	11	21
290	11	21
291	11	21
292	11	21
293	11	22
294	11	22
295	11	23
296	11	21
297	11	21
298	11	21
299	11	21
300	11	21
301	11	21
302	11	21
303	11	21
304	11	21
305	11	22
306	11	22
307	11	21
308	11	21
309	10	21
310	10	21
311	10	21
312	10	22
313	10	23
314	10	23
315	10	23
316	10	23
317	10	22
318	10	22
319	10	21
320	10	21
321	10	21
322	10	21
323	10	21
324	10	21
325	10	19
326	10	19
327	10	19
328	10	19
329	10	19
330	10	19
331	10	19
332	10	19
333	9	19
334	9	19
335	9	19
336	9	19
337	9	20
338	9	20
339	9	20
340	9	20
341	9	21
342	9	21
343	10	20
344	10	20
345	9	20
346	9	20
347	9	21
348	9	21
349	9	21
350	9	21
351	9	22
352	9	22
353	9	22
354	8	21
355	9	22
356	9	22
357	9	23
358	9	23
359	8	23
360	8	23
361	8	24
362	8	24
363	8	24
364	8	24
365	8	24
366	8	24
367	8	24
368	7	24
369	7	23
370	7	23
371	7	22
372	7	23
373	7	22
374	7	23
375	7	22
376	7	22
377	7	22
378	6	22
379	6	22
380	6	22
381	7	21
382	7	23
383	7	23
384	7	23
385	7	23
386	7	23
387	7	24
388	7	24
389	7	24
390	8	24
391	8	24
392	8	24
393	8	24
394	8	23
395	8	22
396	8	22
397	8	22
398	8	22
399	8	22
400	9	21
401	9	21
402	9	22
403	9	22
404	9	22
405	9	22
406	9	22
407	9	21
408	9	21
409	9	20
410	9	20
411	9	21
412	9	21
413	9	21
414	9	21
415	9	21
416	9	21
417	9	21
418	9	21
419	9	21
420	9	23
421	9	23
422	9	23
423	9	24
424	9	24
425	7	24
426	7	23
427	7	22
428	7	22
429	7	22
430	7	22
431	7	22
432	7	21
433	6	21
434	6	21
435	6	22
436	6	22
437	6	22
438	7	21
439	7	22
440	7	23
441	7	24
442	7	24
443	8	23
444	8	22
445	8	21
446	8	21
447	8	21
448	8	22
449	8	21
450	8	21
451	9	20
452	9	20
453	9	21
454	9	20
455	9	20
456	9	20
457	9	20
458	9	21
459	9	22
460	9	22
461	9	22
462	9	20
463	9	20
464	9	20
465	9	21
466	9	21
467	9	21
468	9	21
469	9	20
470	9	19
471	9	19
472	9	18
473	9	18
474	9	18
475	9	18
476	9	18
477	9	18
478	9	18
479	9	18
480	9	18
481	9	18
482	9	18
483	9	18
484	9	18
485	9	17
486	9	17
487	9	17
488	9	17
489	9	17
490	9	17
491	9	17
492	10	16
493	10	16
494	10	17
495	10	17
496	10	17
497	10	17
498	10	17
499	10	18
500	10	18
501	11	17
502	11	17
503	12	15
504	12	14
505	12	14
506	13	13
507	13	13
508	13	13
509	13	13
510	13	15
511	13	15
512	13	14
513	13	13
514	13	12
515	13	11
516	13	11
517	13	11
518	12	11
519	12	11
520	12	11
521	12	11
522	12	10
523	12	10
524	12	10
525	12	10
526	12	11
527	11	10
528	11	10
529	13	8
530	13	7
531	13	8
532	13	8
533	13	7
534	13	7
535	13	7
536	13	6
537	13	6
538	13	6
539	13	5
540	13	5
541	12	5
542	12	5
543	12	5
544	12	5
545	12	5
546	12	5
547	12	5
548	12	5
549	12	6
550	12	6
551	12	6
552	12	6
553	12	6
554	12	4
555	12	4
556	12	4
557	12	4
558	12	4
559	12	4
560	12	3
561	11	3
562	11	2
563	11	2
564	9	2
565	9	2
566	9	2
567	9	2
568	9	2
569	9	2
570	9	2
571	9	2
572	9	2
573	9	2
574	9	2
575	9	2
576	9	2
577	8	2
578	7	2
579	7	2
580	7	2
581	7	2
582	7	3
583	7	3
584	7	3
585	7	3
586	7	3
587	7	2
588	7	3
589	7	3
590	7	3
591	7	3
592	7	3
593	7	3
594	7	3
595	6	4
596	6	4
597	6	4
598	6	4
599	6	4
600	6	4
601	6	4
602	6	4
603	5	5
604	5	5
605	5	5
606	5	6
607	5	6
608	5	6
609	5	7
610	5	7
611	5	6
612	5	6
613	5	5
614	5	5
615	5	5
616	5	6
617	5	5
618	5	5
619	5	4
620	5	4
621	5	4
622	4	4
623	4	4
624	4	5
625	4	5
626	4	5
627	4	5
628	4	5
629	4	5
630	4	5
631	4	5
632	4	5
633	4	5
634	4	5
635	4	5
636	4	5
637	4	5
638	4	5
639	4	5
640	4	5
641	4	7
642	4	8
643	4	8
644	4	7
645	4	8
646	4	8
647	4	8
648	4	9
649	4	9
650	4	8
651	5	7
652	5	7
653	5	8
654	5	8
655	5	9
656	5	9
657	5	9
658	5	9
659	5	9
660	5	10
661	5	10
662	5	11
663	5	11
664	5	12
665	5	12
666	5	12
667	5	12
668	5	11
669	5	11
670	5	11
671	5	11
672	5	11
673	5	11
674	5	13
675	5	13
676	5	13
677	5	13
678	5	13
679	5	13
680	5	13
681	5	14
682	5	13
683	5	12
684	5	11
685	5	11
686	5	12
687	5	12
688	5	12
689	5	12
690	5	12
691	5	12
692	5	12
693	5	12
694	5	12
695	5	11
696	5	11
697	5	11
698	5	12
699	5	12
700	5	12
701	5	12
702	5	12
703	5	12
704	5	12
705	5	12
706	5	12
707	5	12
708	5	13
709	5	13
710	5	13
711	5	14
712	5	14
713	6	13
714	6	15
715	6	16
716	5	16
717	5	16
718	5	16
719	5	15
720	5	15
721	5	15
722	5	15
723	5	15
724	5	16
725	5	16
726	5	16
727	6	15
728	6	16
729	6	17
730	6	17
731	6	17
732	6	17
733	6	18
734	6	18
735	6	19
736	6	19
737	6	18
738	6	18
739	6	19
740	6	19
741	6	20
742	6	20
743	6	20
744	6	20
745	6	20
746	6	20
747	6	22
748	6	23
749	6	23
750	6	22
751	7	21
752	7	21
753	7	21
754	7	21
755	7	21
756	7	21
757	7	20
758	7	20
759	7	20
760	7	20
761	7	21
762	6	22
763	6	22
764	6	22
765	6	22
766	6	22
767	6	21
768	6	21
769	6	21
770	6	20
771	6	20
772	6	20
773	6	20
774	6	20
775	7	20
776	7	20
777	7	20
778	7	21
779	7	21
780	7	21
781	7	21
782	7	21
783	7	22
784	7	22
785	7	23
786	7	22
787	7	22
788	7	22
789	7	22
790	7	22
791	7	22
792	7	22
793	7	22
794	7	23
795	7	23
796	7	23
797	7	23
798	8	23
799	8	23
800	8	24
801	8	24
802	8	24
803	8	24
804	8	24
805	8	24
806	8	24
807	8	24
808	8	24
809	8	24
810	7	23
811	7	23
812	7	22
813	7	21
814	7	22
815	7	22
816	7	24
817	7	24
818	7	24
819	7	24
820	7	24
821	7	24
822	7	24
823	7	24
824	7	24
825	7	24
826	8	21
827	8	21
828	8	21
829	8	21
830	8	20
831	8	21
832	8	22
833	8	24
834	8	23
835	8	23
836	8	23
837	8	23
838	8	23
839	8	23
840	8	24
841	8	24
842	8	24
843	8	24
844	8	23
845	8	22
846	8	22
847	8	22
848	8	22
849	8	22
850	7	22
851	8	21
852	8	21
853	8	21
854	8	22
855	8	22
856	8	22
857	8	23
858	8	23
859	8	23
860	9	23
861	9	23
862	9	23
863	9	23
864	9	23
865	9	22
866	9	22
867	9	21
868	9	21
869	9	21
870	10	20
871	10	20
872	10	20
873	10	20
874	10	20
875	10	20
876	10	20
877	9	20
878	9	20
879	9	20
880	10	20
881	10	20
882	10	19
883	10	18
884	10	17
885	10	16
886	10	16
887	10	16
888	10	16
889	10	16
890	9	18
891	9	19
892	9	19
893	9	19
894	9	19
895	8	19
896	8	19
897	8	18
898	8	18
899	8	18
900	8	17
901	8	17
902	8	18
903	8	18
904	9	17
905	8	17
906	8	17
907	8	17
908	8	17
909	8	17
910	8	18
911	8	17
912	8	17
913	8	17
914	8	17
915	7	17
916	7	17
917	7	17
918	7	17
919	7	17
920	7	17
921	7	17
922	7	18
923	7	18
924	7	17
925	7	17
926	7	17
927	7	17
928	7	17
929	7	17
930	7	17
931	7	16
932	7	16
933	7	16
934	7	16
935	7	16
936	7	17
937	7	18
938	7	19
939	7	21
940	7	21
941	7	21
942	7	19
943	7	19
944	7	19
945	7	19
946	7	20
947	7	20
948	7	20
949	7	20
950	7	20
951	7	20
952	7	19
953	7	19
954	7	19
955	7	18
956	7	18
957	7	18
958	7	18
959	6	18
960	7	18
961	7	18
962	7	18
963	7	18
964	7	19
965	7	19
966	7	19
967	7	21
968	7	21
969	7	21
970	7	20
971	7	20
972	7	19
973	7	19
974	7	19
975	8	18
976	10	16
977	10	16
978	10	16
979	11	15
980	11	15
981	11	15
982	11	15
983	11	15
984	11	15
985	11	15
986	11	15
987	11	14
988	11	14
989	11	14
990	11	14
991	11	15
992	11	13
993	11	13
994	11	13
995	11	12
996	11	12
997	11	12
998	11	12
999	11	12
1000	11	13
1001	11	14
1002	11	14
1003	11	13
1004	11	13
1005	11	13
1006	11	13
1007	11	12
1008	11	12
1009	11	12
1010	10	11
1011	9	12
1012	9	12
1013	9	12
1014	9	12
1015	9	12
1016	9	12
1017	9	12
1018	9	13
1019	9	13
1020	9	13
1021	9	13
1022	9	13
1023	9	13
1024	9	13
1025	9	13
1026	9	13
1027	9	13
1028	9	14
1029	9	12
1030	9	11
1031	9	11
1032	9	11
1033	9	12
1034	9	12
1035	9	12
1036	9	12
1037	9	12
1038	9	12
1039	9	12
1040	9	12
1041	9	12
1042	9	12
1043	8	12
1044	8	12
1045	8	13
1046	8	14
1047	8	14
1048	8	14
1049	8	15
1050	8	15
1051	8	15
1052	8	14
1053	9	12
1054	9	12
1055	9	12
1056	9	12
1057	9	12
1058	9	12
1059	9	11
1060	9	12
1061	9	11
1062	10	10
1063	10	10
1064	10	10
1065	9	11
1066	8	10
1067	8	10
1068	8	11
1069	8	11
1070	8	11
1071	8	11
1072	8	11
1073	8	11
1074	8	11
1075	8	11
1076	7	9
1077	7	9
1078	7	9
1079	7	9
1080	7	9
1081	7	9
1082	7	9
1083	7	9
1084	7	10
1085	7	10
1086	7	10
1087	7	11
1088	7	11
1089	7	11
1090	7	11
1091	7	11
1092	7	11
1093	7	11
1094	7	12
1095	8	11
1096	8	11
1097	8	11
1098	8	10
1099	8	10
1100	9	10
1101	9	10
1102	9	10
1103	9	10
1104	9	11
1105	9	11
1106	9	11
1107	9	11
1108	9	12
1109	9	11
1110	9	12
1111	9	12
1112	9	12
1113	9	13
1114	9	13
1115	9	12
1116	9	12
1117	9	13
1118	9	13
1119	10	12
1120	10	12
1121	10	12
1122	10	12
1123	10	12
1124	10	14
1125	10	13
1126	10	11
1127	10	11
1128	10	11
1129	10	11
1130	10	11
1131	10	11
1132	10	11
1133	10	10
1134	10	10
1135	10	11
1136	10	11
1137	10	12
1138	10	12
1139	10	12
1140	10	12
1141	10	11
1142	10	11
1143	10	11
1144	10	12
1145	10	14
1146	10	14
1147	9	14
1148	9	14
1149	9	13
1150	9	13
1151	9	13
1152	9	13
1153	9	13
1154	9	12
1155	9	12
1156	9	12
1157	9	11
1158	9	11
1159	9	11
1160	9	11
1161	9	11
1162	9	11
1163	9	12
1164	9	12
1165	9	13
1166	9	13
1167	9	14
1168	9	14
1169	9	14
1170	10	13
1171	10	13
1172	10	13
1173	10	13
1174	10	12
1175	10	12
1176	10	12
1177	9	12
1178	9	12
1179	9	13
1180	10	12
1181	10	12
1182	10	12
1183	11	12
1184	11	13
1185	11	13
1186	11	12
1187	11	12
1188	11	11
1189	11	10
1190	10	11
1191	10	10
1192	10	8
1193	10	7
1194	10	7
1195	10	7
1196	10	8
1197	10	8
1198	10	8
1199	9	8
1200	9	8
1201	9	8
1202	9	8
1203	9	8
1204	9	8
1205	9	8
1206	9	8
1207	9	7
1208	9	7
1209	11	5
1210	11	5
1211	12	4
1212	12	4
1213	12	4
1214	12	4
1215	11	4
1216	11	4
1217	11	4
1218	11	4
1219	11	4
1220	11	4
1221	11	4
1222	11	4
1223	11	4
1224	11	4
1225	11	4
1226	11	4
1227	11	4
1228	12	3
1229	12	3
1230	12	3
1231	12	3
1232	12	2
1233	12	2
1234	12	3
1235	12	3
1236	12	3
1237	12	2
1238	11	2
1239	11	1
1240	11	1
1241	11	1
1242	11	1
1243	11	1
1244	10	1
1245	10	1
1246	9	1
1247	9	1
1248	9	2
1249	9	2
1250	8	2
1251	7	2
1252	7	2
1253	7	2
1254	7	1
1255	7	1
1256	6	0
1257	6	8
