Cycle	Predator Population	Prey Population
1	6	8
2	6	8
3	6	9
4	6	9
5	7	8
6	7	8
7	7	8
8	7	8
9	7	8
10	7	9
11	7	10
12	7	9
13	7	9
14	7	10
15	7	10
16	7	10
17	7	9
18	7	8
19	7	7
20	7	7
21	7	7
22	7	7
23	7	7
24	7	6
25	7	6
26	7	6
27	7	6
28	7	7
29	7	8
30	7	8
31	7	8
32	7	8
33	7	8
34	7	9
35	6	8
36	6	9
37	6	9
38	6	9
39	6	9
40	5	10
41	5	10
42	5	10
43	5	10
44	5	11
45	5	12
46	5	12
47	5	12
48	5	12
49	5	12
50	5	13
51	5	14
52	5	14
53	5	13
54	5	13
55	5	14
56	5	14
57	5	14
58	5	14
59	5	14
60	5	15
61	5	14
62	5	14
63	5	14
64	5	15
65	5	15
66	5	16
67	4	16
68	4	17
69	4	18
70	4	18
71	4	18
72	4	18
73	4	17
74	4	17
75	4	18
76	4	18
77	4	18
78	4	17
79	4	17
80	4	17
81	4	17
82	4	19
83	5	18
84	5	18
85	5	19
86	5	19
87	5	20
88	5	20
89	5	20
90	5	21
91	5	21
92	5	21
93	5	21
94	5	21
95	6	20
96	6	20
97	6	21
98	6	22
99	6	22
100	6	22
101	6	21
102	6	21
103	6	22
104	6	23
105	6	23
106	6	23
107	6	23
108	6	23
109	6	24
110	6	24
111	6	24
112	6	24
113	6	24
114	6	23
115	6	23
116	6	23
117	6	23
118	5	22
119	5	23
120	5	24
121	5	24
122	5	24
123	5	23
124	5	23
125	5	23
126	5	23
127	5	24
128	5	24
129	5	24
130	5	24
131	5	24
132	5	24
133	5	24
134	6	23
135	6	24
136	6	24
137	6	24
138	6	24
139	6	24
140	6	24
141	6	24
142	6	24
143	6	24
144	7	23
145	7	23
146	7	22
147	7	22
148	7	22
149	7	21
150	7	21
151	7	22
152	7	21
153	7	22
154	7	23
155	7	23
156	7	23
157	7	23
158	7	22
159	7	21
160	7	22
161	7	22
162	7	22
163	7	22
164	7	22
165	7	22
166	7	23
167	7	24
168	7	24
169	7	24
170	7	24
171	7	23
172	8	21
173	8	21
174	8	21
175	8	22
176	8	21
177	8	20
178	8	21
179	8	21
180	8	21
181	8	22
182	8	23
183	8	23
184	8	23
185	8	23
186	8	23
187	8	23
188	8	21
189	8	21
190	8	21
191	8	21
192	8	21
193	8	21
194	8	21
195	8	22
196	8	22
197	8	21
198	8	21
199	8	21
200	8	21
201	8	21
202	9	20
203	9	20
204	9	20
205	9	21
206	9	21
207	9	21
208	9	20
209	9	20
210	9	21
211	9	20
212	9	21
213	9	21
214	9	21
215	9	21
216	9	21
217	9	21
218	9	21
219	10	20
220	10	20
221	10	19
222	10	19
223	10	19
224	10	19
225	10	19
226	10	21
227	10	22
228	10	21
229	10	21
230	10	20
231	10	20
232	10	21
233	10	20
234	10	20
235	10	19
236	10	18
237	10	18
238	10	18
239	10	16
240	10	16
241	10	16
242	10	17
243	10	17
244	10	17
245	10	17
246	10	17
247	10	16
248	10	16
249	10	16
250	10	15
251	10	14
252	10	14
253	10	14
254	10	14
255	10	12
256	10	12
257	10	12
258	10	12
259	10	13
260	10	13
261	10	13
262	10	13
263	10	13
264	10	13
265	10	13
266	10	13
267	10	13
268	10	14
269	10	13
270	10	13
271	10	12
272	10	12
273	10	12
274	10	12
275	10	12
276	10	11
277	10	12
278	9	11
279	9	11
280	9	10
281	9	10
282	9	10
283	9	9
284	9	9
285	9	9
286	9	9
287	9	9
288	8	9
289	8	8
290	8	8
291	8	8
292	8	8
293	8	8
294	8	9
295	8	9
296	8	10
297	7	10
298	8	10
299	8	10
300	8	10
301	8	12
302	8	12
303	8	12
304	8	12
305	8	12
306	8	12
307	8	12
308	8	12
309	8	12
310	8	11
311	8	11
312	8	11
313	8	11
314	8	12
315	8	12
316	8	12
317	8	12
318	8	13
319	8	14
320	8	14
321	8	14
322	8	14
323	8	14
324	8	14
325	8	14
326	8	14
327	8	14
328	8	13
329	8	13
330	8	14
331	8	14
332	8	15
333	8	15
334	8	15
335	8	16
336	8	18
337	8	18
338	8	18
339	8	18
340	8	17
341	8	16
342	8	16
343	8	17
344	8	17
345	8	17
346	8	17
347	8	18
348	8	18
349	8	18
350	8	18
351	8	18
352	8	19
353	8	19
354	7	19
355	7	19
356	7	19
357	7	19
358	7	18
359	7	18
360	7	18
361	7	18
362	7	18
363	6	18
364	6	19
365	6	19
366	6	19
367	6	19
368	6	19
369	6	19
370	6	19
371	6	19
372	6	19
373	6	20
374	6	20
375	6	19
376	6	19
377	6	19
378	6	20
379	6	20
380	6	19
381	5	19
382	5	19
383	5	18
384	5	18
385	5	19
386	5	19
387	5	19
388	5	19
389	5	20
390	5	20
391	5	20
392	5	20
393	5	21
394	5	22
395	5	23
396	5	23
397	5	23
398	5	23
399	5	23
400	5	23
401	5	23
402	5	23
403	5	23
404	5	23
405	5	23
406	5	23
407	5	24
408	5	24
409	5	24
410	5	24
411	5	23
412	5	23
413	5	23
414	5	24
415	5	24
416	5	24
417	5	24
418	5	24
419	6	23
420	6	23
421	6	23
422	6	23
423	6	23
424	6	24
425	6	24
426	6	24
427	6	24
428	6	24
429	6	24
430	6	24
431	6	24
432	6	24
433	7	23
434	7	24
435	7	23
436	7	23
437	7	23
438	7	24
439	7	24
440	7	24
441	7	24
442	7	24
443	7	24
444	7	24
445	7	24
446	7	24
447	7	24
448	7	24
449	7	24
450	7	22
451	7	24
452	7	23
453	7	23
454	8	22
455	8	22
456	8	22
457	8	24
458	8	24
459	8	24
460	8	24
461	8	24
462	8	24
463	8	24
464	8	24
465	8	24
466	8	24
467	8	24
468	8	24
469	8	24
470	8	24
471	8	24
472	8	24
473	8	24
474	8	24
475	8	23
476	8	23
477	8	22
478	8	22
479	8	22
480	8	22
481	8	22
482	8	23
483	8	22
484	8	22
485	8	22
486	8	22
487	8	24
488	8	24
489	7	24
490	7	24
491	7	23
492	7	23
493	7	23
494	7	23
495	7	23
496	7	23
497	7	23
498	7	24
499	7	24
500	7	24
501	7	24
502	7	24
503	7	24
504	7	24
505	7	24
506	7	24
507	7	24
508	7	24
509	7	22
510	7	22
511	7	22
512	7	22
513	7	22
514	7	22
515	7	23
516	7	23
517	7	24
518	7	23
519	7	24
520	7	24
521	7	24
522	7	24
523	7	24
524	7	24
525	8	23
526	8	24
527	8	24
528	8	24
529	8	24
530	8	23
531	8	23
532	8	24
533	8	23
534	8	23
535	8	23
536	8	23
537	8	24
538	8	24
539	8	24
540	8	24
541	8	24
542	8	24
543	8	24
544	8	24
545	9	23
546	9	23
547	9	23
548	9	22
549	9	22
550	9	22
551	9	23
552	9	23
553	9	24
554	9	24
555	9	24
556	9	24
557	9	24
558	9	23
559	9	23
560	9	23
561	9	23
562	9	22
563	9	22
564	9	22
565	9	22
566	9	22
567	9	23
568	9	22
569	9	23
570	9	23
571	9	24
572	9	24
573	9	24
574	9	24
575	9	24
576	9	24
577	9	24
578	9	24
579	8	24
580	7	24
581	7	23
582	7	23
583	7	23
584	7	24
585	7	24
586	7	24
587	7	24
588	7	23
589	7	24
590	7	24
591	7	23
592	7	24
593	7	23
594	7	23
595	7	23
596	7	23
597	7	23
598	7	22
599	7	24
600	7	24
601	7	24
602	6	24
603	6	24
604	6	24
605	6	24
606	6	24
607	6	24
608	6	24
609	6	24
610	6	24
611	6	24
612	6	24
613	7	24
614	9	22
615	9	22
616	9	21
617	9	21
618	9	21
619	9	21
620	9	21
621	9	20
622	9	20
623	9	21
624	9	21
625	9	21
626	9	20
627	10	19
628	10	19
629	10	20
630	10	20
631	10	20
632	10	19
633	10	19
634	10	19
635	10	19
636	10	19
637	10	19
638	10	19
639	10	20
640	10	20
641	10	20
642	10	21
643	10	21
644	10	20
645	10	20
646	10	19
647	10	18
648	10	18
649	9	20
650	9	20
651	9	20
652	9	20
653	9	21
654	9	21
655	9	21
656	9	20
657	9	19
658	9	19
659	10	18
660	10	18
661	10	18
662	10	19
663	10	20
664	10	17
665	10	17
666	10	17
667	10	17
668	10	18
669	10	18
670	10	18
671	10	19
672	10	19
673	10	19
674	10	18
675	10	17
676	10	17
677	10	18
678	10	18
679	10	18
680	10	18
681	10	18
682	10	18
683	10	18
684	10	18
685	10	18
686	10	18
687	10	18
688	10	18
689	10	19
690	10	19
691	9	20
692	9	21
693	9	21
694	8	22
695	8	22
696	8	21
697	8	21
698	8	20
699	8	20
700	8	20
701	8	20
702	8	20
703	8	20
704	8	20
705	8	20
706	8	20
707	7	19
708	7	19
709	7	19
710	7	20
711	7	20
712	7	20
713	7	20
714	7	20
715	7	20
716	7	20
717	7	20
718	7	19
719	7	19
720	7	20
721	7	20
722	7	19
723	8	18
724	8	19
725	8	19
726	9	18
727	9	17
728	9	17
729	9	18
730	9	18
731	9	18
732	9	18
733	9	17
734	9	17
735	9	17
736	9	16
737	9	16
738	9	16
739	9	17
740	9	17
741	9	18
742	10	17
743	10	17
744	10	17
745	10	16
746	10	15
747	10	15
748	10	15
749	10	15
750	10	15
751	10	15
752	10	15
753	10	14
754	10	15
755	10	15
756	10	15
757	10	14
758	10	13
759	10	13
760	10	13
761	10	14
762	10	13
763	10	13
764	10	12
765	10	12
766	10	12
767	10	12
768	10	12
769	10	12
770	10	11
771	10	11
772	10	11
773	10	11
774	10	11
775	10	11
776	10	11
777	9	10
778	9	10
779	9	10
780	9	10
781	9	11
782	9	10
783	9	10
784	9	8
785	9	8
786	9	8
787	9	8
788	9	9
789	9	9
790	9	8
791	11	7
792	11	6
793	11	6
794	11	6
795	11	6
796	10	6
797	10	6
798	10	6
799	10	6
800	10	5
801	10	6
802	10	7
803	10	7
804	10	7
805	10	6
806	10	6
807	10	6
808	10	6
809	11	4
810	11	4
811	11	4
812	11	4
813	11	4
814	11	4
815	11	5
816	11	5
817	11	5
818	11	5
819	10	5
820	10	5
821	10	5
822	10	5
823	10	5
824	10	5
825	10	5
826	7	5
827	7	5
828	7	4
829	7	4
830	7	3
831	8	2
832	8	2
833	8	1
834	8	2
835	8	2
836	8	2
837	8	2
838	8	2
839	8	2
840	8	2
841	8	2
842	8	2
843	8	2
844	8	2
845	8	2
846	8	2
847	8	2
848	8	2
849	8	2
850	8	1
851	8	1
852	8	2
853	8	1
854	8	1
855	8	1
856	8	1
857	8	2
858	8	2
859	7	2
860	7	2
861	7	2
862	7	2
863	7	2
864	7	2
865	7	3
866	7	3
867	7	2
868	7	2
869	7	2
870	7	2
871	7	2
872	7	2
873	7	1
874	7	2
875	7	2
876	6	2
877	6	2
878	6	2
879	6	3
880	6	3
881	6	3
882	6	3
883	6	3
884	6	3
885	6	3
886	6	4
887	6	4
888	6	4
889	6	4
890	6	4
891	6	4
892	6	4
893	6	4
894	5	4
895	5	4
896	5	4
897	5	5
898	5	5
899	5	5
900	5	4
901	5	4
902	5	4
903	5	4
904	4	4
905	4	5
906	3	5
907	3	5
908	3	6
909	3	6
910	3	6
911	2	6
912	2	6
913	2	7
914	2	8
915	2	9
916	2	9
917	2	10
918	2	12
919	2	12
920	2	11
921	2	11
922	2	11
923	2	11
924	2	11
925	2	11
926	2	11
927	2	11
928	2	11
929	2	13
930	2	14
931	2	14
932	2	14
933	2	14
934	2	14
935	2	15
936	2	16
937	2	17
938	2	18
939	2	18
940	2	18
941	2	18
942	2	18
943	2	18
944	2	18
945	2	18
946	2	18
947	2	19
948	2	19
949	2	19
950	2	20
951	2	20
952	2	21
953	2	22
954	2	22
955	2	22
956	2	23
957	2	23
958	2	23
959	2	24
960	2	24
961	2	24
962	2	23
963	3	22
964	3	22
965	3	22
966	3	22
967	3	22
968	3	22
969	3	22
970	3	22
971	3	24
972	3	24
973	3	24
974	3	24
975	3	24
976	3	24
977	3	23
978	3	23
979	3	23
980	3	24
981	3	24
982	3	24
983	3	24
984	3	24
985	3	24
986	3	24
987	3	24
988	3	24
989	3	24
990	3	24
991	3	24
992	3	24
993	3	24
994	3	24
995	3	24
996	3	24
997	3	24
998	3	24
999	3	24
1000	3	24
1001	3	24
1002	3	24
1003	3	24
1004	3	24
1005	3	24
1006	3	24
1007	3	24
1008	3	24
1009	3	24
1010	3	24
1011	4	23
1012	4	23
1013	4	23
1014	4	23
1015	4	23
1016	4	24
1017	4	24
1018	4	24
1019	4	24
1020	4	24
1021	4	24
1022	4	24
1023	4	24
1024	4	23
1025	4	24
1026	4	24
1027	4	24
1028	5	23
1029	5	23
1030	5	23
1031	5	23
1032	5	23
1033	5	24
1034	5	24
1035	5	24
1036	5	24
1037	5	24
1038	5	24
1039	5	24
1040	5	24
1041	5	24
1042	5	24
1043	5	24
1044	5	24
1045	5	24
1046	5	24
1047	5	24
1048	5	24
1049	5	24
1050	6	24
1051	6	24
1052	6	24
1053	6	24
1054	7	24
1055	7	24
1056	7	24
1057	7	24
1058	7	24
1059	7	24
1060	7	23
1061	7	23
1062	7	23
1063	6	23
1064	6	23
1065	7	22
1066	7	22
1067	7	24
1068	7	24
1069	7	24
1070	8	23
1071	8	23
1072	8	24
1073	8	24
1074	8	24
1075	8	24
1076	8	24
1077	9	24
1078	9	24
1079	9	24
1080	9	24
1081	9	24
1082	9	23
1083	9	24
1084	9	24
1085	11	22
1086	11	22
1087	11	22
1088	11	22
1089	11	22
1090	11	21
1091	11	21
1092	11	21
1093	11	21
1094	11	23
1095	11	23
1096	11	23
1097	11	23
1098	11	23
1099	11	24
1100	11	24
1101	12	24
1102	12	24
1103	13	23
1104	13	23
1105	13	24
1106	13	24
1107	13	24
1108	13	24
1109	13	24
1110	13	24
1111	13	24
1112	13	24
1113	13	24
1114	14	23
1115	14	21
1116	14	21
1117	14	21
1118	15	20
1119	16	19
1120	16	19
1121	16	19
1122	17	18
1123	17	18
1124	17	19
1125	16	20
1126	16	20
1127	16	21
1128	16	21
1129	16	20
1130	18	18
1131	18	18
1132	18	18
1133	18	18
1134	18	18
1135	18	18
1136	18	18
1137	18	19
1138	18	18
1139	18	18
1140	18	18
1141	18	19
1142	18	17
1143	18	17
1144	18	16
1145	18	15
1146	18	15
1147	18	15
1148	18	15
1149	18	15
1150	18	15
1151	18	15
1152	18	15
1153	18	15
1154	17	15
1155	17	15
1156	17	15
1157	16	15
1158	16	15
1159	16	15
1160	16	14
1161	16	13
1162	16	13
1163	16	13
1164	16	13
1165	14	13
1166	14	13
1167	13	12
1168	13	11
1169	13	12
1170	13	11
1171	13	11
1172	13	11
1173	13	11
1174	13	11
1175	13	11
1176	13	11
1177	13	10
1178	12	10
1179	12	10
1180	12	10
1181	12	10
1182	12	10
1183	11	10
1184	11	10
1185	11	10
1186	11	9
1187	11	8
1188	11	8
1189	11	8
1190	10	8
1191	10	8
1192	10	10
1193	10	10
1194	10	8
1195	10	6
1196	10	6
1197	10	6
1198	10	6
1199	10	6
1200	10	7
1201	10	6
1202	10	6
1203	10	6
1204	10	6
1205	10	6
1206	10	6
1207	9	6
1208	9	5
1209	9	4
1210	9	4
1211	9	4
1212	8	4
1213	8	4
1214	8	4
1215	8	4
1216	8	4
1217	8	4
1218	8	3
1219	8	3
1220	8	3
1221	8	3
1222	7	3
1223	7	3
1224	7	3
1225	7	4
1226	7	4
1227	7	4
1228	7	4
1229	7	4
1230	7	3
1231	7	2
1232	7	3
1233	7	3
1234	7	3
1235	7	3
1236	7	3
1237	7	3
1238	7	3
1239	7	3
1240	7	3
1241	7	3
1242	7	3
1243	7	3
1244	7	3
1245	7	3
1246	7	3
1247	7	3
1248	7	3
1249	7	3
1250	7	4
1251	7	4
1252	7	4
1253	7	4
1254	6	4
1255	6	4
1256	5	4
1257	5	4
1258	5	4
1259	5	4
1260	5	5
1261	5	5
1262	5	4
1263	5	4
1264	5	4
1265	5	5
1266	5	6
1267	5	6
1268	5	6
1269	5	8
1270	4	8
1271	3	9
1272	3	9
1273	3	9
1274	3	9
1275	3	9
1276	4	8
1277	4	9
1278	4	10
1279	4	10
1280	4	10
1281	4	10
1282	4	12
1283	4	12
1284	4	13
1285	4	12
1286	4	13
1287	5	12
1288	4	12
1289	4	13
1290	4	13
1291	4	13
1292	4	13
1293	4	13
1294	4	14
1295	4	14
1296	4	14
1297	4	14
1298	4	14
1299	4	14
1300	4	14
1301	4	14
1302	4	15
1303	5	14
1304	5	15
1305	5	15
1306	5	16
1307	5	16
1308	5	16
1309	5	16
1310	5	17
1311	5	17
1312	5	17
1313	5	17
1314	5	16
1315	5	15
1316	5	15
1317	5	15
1318	5	15
1319	5	15
1320	5	16
1321	5	16
1322	4	16
1323	4	16
1324	4	17
1325	4	18
1326	4	18
1327	4	18
1328	4	18
1329	4	19
1330	4	19
1331	4	20
1332	4	20
1333	5	20
1334	6	19
1335	6	21
1336	6	21
1337	6	21
1338	5	22
1339	5	22
1340	5	22
1341	5	22
1342	5	22
1343	5	22
1344	5	22
1345	5	21
1346	5	21
1347	5	22
1348	5	23
1349	5	24
1350	5	24
1351	5	24
1352	5	23
1353	6	22
1354	6	22
1355	6	22
1356	6	22
1357	6	22
1358	7	21
1359	7	21
1360	7	21
1361	7	21
1362	7	23
1363	7	24
1364	7	24
1365	7	24
1366	7	24
1367	7	24
1368	6	24
1369	6	24
1370	6	23
1371	6	24
1372	6	24
1373	7	23
1374	7	23
1375	7	23
1376	7	23
1377	7	23
1378	7	23
1379	7	24
1380	7	24
1381	7	24
1382	7	24
1383	7	24
1384	7	24
1385	7	22
1386	7	22
1387	7	21
1388	7	21
1389	8	20
1390	8	19
1391	8	18
1392	8	18
1393	7	18
1394	7	19
1395	7	19
1396	7	19
1397	7	19
1398	7	21
1399	7	20
1400	7	20
1401	7	21
1402	7	21
1403	7	21
1404	7	21
1405	7	22
1406	7	22
1407	7	22
1408	7	22
1409	7	22
1410	7	22
1411	7	21
1412	7	21
1413	8	20
1414	9	19
1415	9	19
1416	9	20
1417	9	21
1418	9	21
1419	9	21
1420	9	21
1421	10	20
1422	10	20
1423	10	20
1424	9	20
1425	9	21
1426	10	20
1427	10	20
1428	10	22
1429	10	23
1430	11	22
1431	11	21
1432	11	21
1433	11	21
1434	11	21
1435	11	21
1436	11	21
1437	11	21
1438	11	21
1439	11	20
1440	11	21
1441	11	21
1442	11	21
1443	11	21
1444	11	21
1445	11	21
1446	9	22
1447	9	23
1448	8	23
1449	8	23
1450	8	23
1451	8	23
1452	8	23
1453	8	23
1454	8	23
1455	8	23
1456	8	23
1457	8	23
1458	8	23
1459	8	23
1460	8	23
1461	8	21
1462	8	22
1463	8	21
1464	8	21
1465	8	20
1466	8	20
1467	8	20
1468	8	20
1469	8	20
1470	8	20
1471	8	20
1472	8	20
1473	8	20
1474	8	21
1475	8	21
1476	8	21
1477	8	21
1478	8	21
1479	8	20
1480	8	21
1481	8	21
1482	8	21
1483	8	21
1484	8	20
1485	8	20
1486	8	20
1487	8	20
1488	8	20
1489	8	20
1490	8	19
1491	8	19
1492	8	19
1493	8	19
1494	8	19
1495	8	19
1496	8	19
1497	8	19
1498	8	19
1499	8	19
1500	7	19
1501	7	19
1502	8	18
1503	8	18
1504	8	18
1505	8	18
1506	8	19
1507	8	19
1508	8	20
1509	8	19
1510	8	18
1511	8	18
1512	8	19
1513	8	19
1514	8	18
1515	8	18
1516	8	18
1517	8	17
1518	9	17
1519	9	17
1520	9	17
1521	9	17
1522	9	16
1523	9	16
1524	9	16
1525	9	16
1526	9	16
1527	9	16
1528	9	16
1529	9	16
1530	9	16
1531	9	16
1532	9	16
1533	9	15
1534	9	14
1535	9	15
1536	9	15
1537	9	15
1538	9	15
1539	10	14
1540	10	15
1541	10	15
1542	10	14
1543	10	15
1544	10	15
1545	10	15
1546	10	15
1547	10	14
1548	10	14
1549	10	14
1550	10	14
1551	10	14
1552	10	14
1553	11	13
1554	11	13
1555	11	13
1556	11	13
1557	11	14
1558	11	15
1559	11	14
1560	11	14
1561	11	14
1562	11	14
1563	11	14
1564	11	14
1565	11	14
1566	10	14
1567	10	14
1568	10	14
1569	10	14
1570	9	15
1571	9	13
1572	9	13
1573	9	12
1574	8	12
1575	8	12
1576	8	12
1577	8	10
1578	8	9
1579	8	10
1580	8	10
1581	8	11
1582	8	11
1583	8	10
1584	8	9
1585	8	8
1586	8	8
1587	8	8
1588	8	8
1589	8	8
1590	9	8
1591	9	8
1592	9	8
1593	9	8
1594	10	7
1595	10	7
1596	10	7
1597	10	7
1598	10	7
1599	10	6
1600	10	6
1601	10	6
1602	10	6
1603	10	6
1604	10	5
1605	10	5
1606	10	4
1607	10	4
1608	10	4
1609	10	4
1610	10	4
1611	10	4
1612	10	4
1613	10	4
1614	10	4
1615	10	4
1616	10	3
1617	10	3
1618	10	2
1619	10	2
1620	10	2
1621	10	2
1622	10	2
1623	10	2
1624	10	3
1625	9	3
1626	9	3
1627	8	4
1628	8	4
1629	7	4
1630	7	4
1631	7	4
1632	6	4
1633	6	4
1634	6	4
1635	6	4
1636	6	4
1637	6	4
1638	6	4
1639	6	4
1640	6	5
1641	6	5
1642	6	5
1643	6	5
1644	6	4
1645	6	4
1646	6	5
1647	6	5
1648	6	5
1649	6	5
1650	5	5
1651	5	5
1652	5	5
1653	5	5
1654	5	5
1655	5	4
1656	5	4
1657	5	4
1658	5	4
1659	5	4
1660	5	4
1661	5	4
1662	5	4
1663	5	5
1664	5	5
1665	5	5
1666	5	5
1667	5	6
1668	5	6
1669	5	7
1670	5	6
1671	5	6
1672	5	7
1673	5	7
1674	5	7
1675	5	7
1676	4	7
1677	4	7
1678	4	7
1679	4	7
1680	3	7
1681	3	7
1682	4	6
1683	4	6
1684	4	7
1685	4	7
1686	4	8
1687	4	8
1688	4	8
1689	4	8
1690	4	8
1691	4	8
1692	4	8
1693	4	8
1694	4	8
1695	5	8
1696	5	8
1697	5	8
1698	5	8
1699	5	9
1700	5	10
1701	5	10
1702	5	12
1703	5	11
1704	5	11
1705	5	12
1706	5	12
1707	5	13
1708	5	13
1709	5	14
1710	5	15
1711	5	16
1712	5	16
1713	5	16
1714	5	15
1715	5	15
1716	5	15
1717	4	15
1718	4	16
1719	4	15
1720	4	16
1721	3	16
1722	3	16
1723	3	17
1724	3	17
1725	3	18
1726	3	18
1727	3	18
1728	3	18
1729	3	18
1730	3	18
1731	3	19
1732	3	19
1733	3	19
1734	3	19
1735	3	19
1736	3	19
1737	3	18
1738	3	18
1739	3	18
1740	3	19
1741	3	19
1742	3	20
1743	3	21
1744	3	21
1745	3	20
1746	3	20
1747	3	20
1748	3	20
1749	3	20
1750	3	21
1751	3	22
1752	3	22
1753	3	22
1754	3	23
1755	3	23
1756	3	24
1757	3	24
1758	3	24
1759	3	24
1760	3	24
1761	3	24
1762	3	24
1763	3	24
1764	3	24
1765	3	24
1766	3	24
1767	3	24
1768	3	24
1769	3	24
1770	3	24
1771	3	24
1772	3	24
1773	3	24
1774	3	24
1775	3	24
1776	3	24
1777	4	23
1778	4	23
1779	5	23
1780	5	23
1781	5	23
1782	5	24
1783	5	24
1784	5	24
1785	5	24
1786	6	23
1787	6	23
1788	6	23
1789	6	23
1790	6	24
1791	6	24
1792	6	24
1793	6	24
1794	6	24
1795	6	24
1796	6	23
1797	6	23
1798	7	22
1799	7	22
1800	7	22
1801	7	22
1802	7	23
1803	7	22
1804	7	22
1805	8	21
1806	8	21
1807	8	22
1808	8	24
1809	8	24
1810	8	24
1811	8	24
1812	8	24
1813	8	24
1814	8	24
1815	8	23
1816	8	23
1817	8	23
1818	8	23
1819	8	24
1820	8	23
1821	8	23
1822	8	23
1823	8	23
1824	8	23
1825	9	22
1826	9	22
1827	9	22
1828	9	22
1829	9	22
1830	9	22
1831	9	22
1832	9	22
1833	9	23
1834	9	23
1835	9	22
1836	9	22
1837	9	23
1838	9	22
1839	9	21
1840	9	20
1841	9	21
1842	9	21
1843	9	21
1844	9	21
1845	9	21
1846	9	21
1847	9	21
1848	9	21
1849	10	20
1850	10	21
1851	10	21
1852	10	21
1853	10	20
1854	10	20
1855	10	19
1856	10	19
1857	10	20
1858	10	20
1859	10	22
1860	10	20
1861	10	20
1862	10	19
1863	10	19
1864	10	19
1865	10	19
1866	10	19
1867	10	19
1868	10	20
1869	10	19
1870	10	19
1871	10	18
1872	11	17
1873	11	16
1874	11	16
1875	11	15
1876	11	15
1877	11	15
1878	11	15
1879	11	16
1880	11	16
1881	12	15
1882	12	16
1883	12	16
1884	12	16
1885	12	16
1886	12	16
1887	12	16
1888	12	17
1889	12	17
1890	12	18
1891	12	18
1892	12	18
1893	12	18
1894	12	17
1895	12	17
1896	12	17
1897	12	18
1898	12	18
1899	12	17
1900	12	17
1901	12	17
1902	12	17
1903	12	15
1904	12	15
1905	12	15
1906	11	15
1907	11	15
1908	10	15
1909	10	15
1910	10	15
1911	10	14
1912	10	14
1913	10	14
1914	10	15
1915	11	14
1916	10	14
1917	9	14
1918	9	14
1919	9	14
1920	9	13
1921	9	14
1922	9	14
1923	9	14
1924	9	14
1925	9	14
1926	9	13
1927	9	15
1928	8	15
1929	8	15
1930	8	15
1931	8	15
1932	8	15
1933	8	14
1934	8	15
1935	8	15
1936	8	15
1937	8	14
1938	8	14
1939	8	15
1940	8	15
1941	8	15
1942	8	15
1943	8	16
1944	8	16
1945	8	16
1946	8	16
1947	8	16
1948	8	16
1949	8	15
1950	8	15
1951	8	15
1952	8	15
1953	8	16
1954	8	16
1955	8	16
1956	8	16
1957	8	17
1958	8	16
1959	8	16
1960	8	16
1961	8	16
1962	8	15
1963	8	16
1964	8	16
1965	8	16
1966	8	16
1967	7	15
1968	8	14
1969	8	13
1970	8	13
1971	9	12
1972	9	12
1973	9	12
1974	9	12
1975	9	12
1976	9	13
1977	9	13
1978	9	14
1979	9	14
1980	9	14
1981	9	14
1982	9	14
1983	9	13
1984	9	13
1985	9	12
1986	9	12
1987	9	12
1988	9	12
1989	9	13
1990	9	13
1991	9	13
1992	9	13
1993	9	12
1994	9	12
1995	9	12
1996	9	11
1997	9	11
1998	9	11
1999	9	11
2000	9	11
2001	6	8
