Cycle	Predator Population	Prey Population
1	6	8
2	6	8
3	6	7
4	6	7
5	7	7
6	7	7
7	7	7
8	7	6
9	7	6
10	7	6
11	7	6
12	7	6
13	7	6
14	7	6
15	7	6
16	7	6
17	7	6
18	7	6
19	7	6
20	7	6
21	7	5
22	7	5
23	7	4
24	7	4
25	7	4
26	7	4
27	7	4
28	7	4
29	7	4
30	7	4
31	7	4
32	7	4
33	7	4
34	7	4
35	5	4
36	5	3
37	5	3
38	5	3
39	5	3
40	4	3
41	4	3
42	4	3
43	4	3
44	4	3
45	4	4
46	4	4
47	4	4
48	4	4
49	5	3
50	5	3
51	5	3
52	5	3
53	5	3
54	5	3
55	5	3
56	5	3
57	5	3
58	5	3
59	5	3
60	5	3
61	5	3
62	5	3
63	5	3
64	5	3
65	5	3
66	5	4
67	5	4
68	5	3
69	5	3
70	6	2
71	6	2
72	6	2
73	6	2
74	6	1
75	6	1
76	6	1
77	6	1
78	6	1
79	6	1
80	6	1
81	6	1
82	6	2
83	6	2
84	5	2
85	5	2
86	5	2
87	5	2
88	5	2
89	5	2
90	5	2
91	5	2
92	5	3
93	5	3
94	5	3
95	5	4
96	5	4
97	5	4
98	5	5
99	5	6
100	5	6
101	5	6
102	5	6
103	5	6
104	5	5
105	4	6
106	4	6
107	4	7
108	4	7
109	4	7
110	4	7
111	4	7
112	4	7
113	4	7
114	4	7
115	4	8
116	4	9
117	4	10
118	5	9
119	5	9
120	5	10
121	5	10
122	5	10
123	5	9
124	5	9
125	5	10
126	5	10
127	5	10
128	5	10
129	5	10
130	5	10
131	5	10
132	5	10
133	5	10
134	5	11
135	5	12
136	5	12
137	5	12
138	5	13
139	5	13
140	5	13
141	5	12
142	5	12
143	5	12
144	5	12
145	5	13
146	5	13
147	5	13
148	5	13
149	5	14
150	5	14
151	5	14
152	5	14
153	5	14
154	5	14
155	5	15
156	5	15
157	5	15
158	5	15
159	5	14
160	5	14
161	5	15
162	5	15
163	5	15
164	5	15
165	5	15
166	5	15
167	5	15
168	5	15
169	5	15
170	5	16
171	5	16
172	4	16
173	4	17
174	4	17
175	4	18
176	4	19
177	4	18
178	4	18
179	4	18
180	4	17
181	4	17
182	4	17
183	5	17
184	5	17
185	5	18
186	5	19
187	5	19
188	5	19
189	5	20
190	5	20
191	5	20
192	5	20
193	5	21
194	5	21
195	5	21
196	6	20
197	6	20
198	6	20
199	6	19
200	6	19
201	6	19
202	6	19
203	6	20
204	6	21
205	6	22
206	6	22
207	6	22
208	6	22
209	6	22
210	6	22
211	6	22
212	6	23
213	6	23
214	6	23
215	6	23
216	6	23
217	6	24
218	5	23
219	5	24
220	5	24
221	5	23
222	5	24
223	5	24
224	5	24
225	5	24
226	5	24
227	5	24
228	5	24
229	5	24
230	5	24
231	4	24
232	4	24
233	4	24
234	4	24
235	4	24
236	4	24
237	4	24
238	4	24
239	4	24
240	4	24
241	4	24
242	4	24
243	4	24
244	4	24
245	4	24
246	4	24
247	4	24
248	6	22
249	6	22
250	6	23
251	6	22
252	6	23
253	6	24
254	6	24
255	6	23
256	6	23
257	6	24
258	6	24
259	6	24
260	6	24
261	6	24
262	6	24
263	6	24
264	6	24
265	6	24
266	6	24
267	6	24
268	6	24
269	6	23
270	6	24
271	6	24
272	6	24
273	6	24
274	6	24
275	6	24
276	6	23
277	6	24
278	6	24
279	6	24
280	6	24
281	6	24
282	6	24
283	7	24
284	7	22
285	7	23
286	7	24
287	7	24
288	7	24
289	7	24
290	7	24
291	7	24
292	7	24
293	8	23
294	9	22
295	9	22
296	9	22
297	9	22
298	10	22
299	10	21
300	10	21
301	10	20
302	10	20
303	10	20
304	10	21
305	10	20
306	10	19
307	10	19
308	10	19
309	10	20
310	10	20
311	10	21
312	10	21
313	10	21
314	11	19
315	11	19
316	11	19
317	11	19
318	11	18
319	11	19
320	11	19
321	10	19
322	10	19
323	10	19
324	10	19
325	10	19
326	11	18
327	11	18
328	10	18
329	9	18
330	9	18
331	9	18
332	9	19
333	9	20
334	9	19
335	9	19
336	9	19
337	9	19
338	9	20
339	9	20
340	10	19
341	10	19
342	10	20
343	10	20
344	10	20
345	10	19
346	10	19
347	10	18
348	10	18
349	10	19
350	10	19
351	10	19
352	10	19
353	10	19
354	10	19
355	10	19
356	10	19
357	10	19
358	10	19
359	10	19
360	10	18
361	9	18
362	9	18
363	9	17
364	9	17
365	9	17
366	8	17
367	8	17
368	8	17
369	8	17
370	8	17
371	8	17
372	8	18
373	8	18
374	8	18
375	7	18
376	7	18
377	7	17
378	6	18
379	6	18
380	6	18
381	6	20
382	6	21
383	6	21
384	6	20
385	6	21
386	6	21
387	6	22
388	6	21
389	6	21
390	6	20
391	6	20
392	6	20
393	6	20
394	7	19
395	7	19
396	7	19
397	7	19
398	7	19
399	7	16
400	7	17
401	7	17
402	7	17
403	7	19
404	7	19
405	8	18
406	8	19
407	8	19
408	8	19
409	8	19
410	8	18
411	9	17
412	9	16
413	9	16
414	9	16
415	9	15
416	9	15
417	9	15
418	9	15
419	9	14
420	9	15
421	9	15
422	10	15
423	10	15
424	10	14
425	10	14
426	10	14
427	10	14
428	10	14
429	10	14
430	10	14
431	10	14
432	10	15
433	10	15
434	10	15
435	10	14
436	10	14
437	10	14
438	11	13
439	11	13
440	10	13
441	10	13
442	10	13
443	10	13
444	10	11
445	10	11
446	9	11
447	9	10
448	9	10
449	9	11
450	9	11
451	9	11
452	9	12
453	9	12
454	9	12
455	9	12
456	9	13
457	9	13
458	9	13
459	9	14
460	9	14
461	9	14
462	9	13
463	9	13
464	9	13
465	9	13
466	9	13
467	9	13
468	9	13
469	9	13
470	9	12
471	10	12
472	10	12
473	9	12
474	9	11
475	9	11
476	9	11
477	9	10
478	9	10
479	9	10
480	9	10
481	9	10
482	9	13
483	9	12
484	9	12
485	9	12
486	10	11
487	10	11
488	10	11
489	10	11
490	10	11
491	10	11
492	10	11
493	10	11
494	10	11
495	10	11
496	9	11
497	9	11
498	9	11
499	9	11
500	10	10
501	10	9
502	10	9
503	10	9
504	10	10
505	10	10
506	9	10
507	9	11
508	9	11
509	9	11
510	9	12
511	9	11
512	9	11
513	9	11
514	9	11
515	9	11
516	9	11
517	10	10
518	10	10
519	10	10
520	10	10
521	10	10
522	10	9
523	11	7
524	11	7
525	11	7
526	11	7
527	11	7
528	11	7
529	11	7
530	11	8
531	11	9
532	11	8
533	11	8
534	11	8
535	10	8
536	10	8
537	9	8
538	9	8
539	9	8
540	9	8
541	9	8
542	9	7
543	9	7
544	9	6
545	9	6
546	9	7
547	8	6
548	8	6
549	8	6
550	8	7
551	8	7
552	8	6
553	8	7
554	8	7
555	8	7
556	8	7
557	8	8
558	7	8
559	7	9
560	7	8
561	7	7
562	7	7
563	7	6
564	7	6
565	7	6
566	7	6
567	7	6
568	7	6
569	7	6
570	7	6
571	7	6
572	7	5
573	7	6
574	7	7
575	7	7
576	7	7
577	7	6
578	8	5
579	8	6
580	8	6
581	8	6
582	8	6
583	8	7
584	8	7
585	8	6
586	8	6
587	8	6
588	8	6
589	8	6
590	8	6
591	8	6
592	8	6
593	8	6
594	8	6
595	8	6
596	8	7
597	8	8
598	8	8
599	8	9
600	8	9
601	8	8
602	8	8
603	8	8
604	8	8
605	8	8
606	8	8
607	8	8
608	8	8
609	8	8
610	8	8
611	8	8
612	8	8
613	7	8
614	7	8
615	7	9
616	7	10
617	7	9
618	7	10
619	7	10
620	7	10
621	7	10
622	7	8
623	7	8
624	6	8
625	6	8
626	6	8
627	6	8
628	6	8
629	6	8
630	6	8
631	6	8
632	6	9
633	6	9
634	6	9
635	6	8
636	6	8
637	6	8
638	6	8
639	6	8
640	6	8
641	6	8
642	6	8
643	6	8
644	6	8
645	6	6
646	6	6
647	6	7
648	6	7
649	6	7
650	6	7
651	6	6
652	6	7
653	6	7
654	6	7
655	6	7
656	6	7
657	6	8
658	6	8
659	6	9
660	6	9
661	6	9
662	6	9
663	6	9
664	6	9
665	6	9
666	6	10
667	6	10
668	6	10
669	6	10
670	6	10
671	6	10
672	6	10
673	6	10
674	6	9
675	6	9
676	6	9
677	6	10
678	6	11
679	6	10
680	6	10
681	6	9
682	6	9
683	6	10
684	7	9
685	7	9
686	7	9
687	7	9
688	7	8
689	7	8
690	7	8
691	7	8
692	7	8
693	7	8
694	7	8
695	7	8
696	7	9
697	7	9
698	8	9
699	8	9
700	8	10
701	8	11
702	8	11
703	8	11
704	8	11
705	8	11
706	8	11
707	8	11
708	8	11
709	8	11
710	9	10
711	10	9
712	10	9
713	10	10
714	10	10
715	10	11
716	10	11
717	10	11
718	10	13
719	9	13
720	9	13
721	9	13
722	9	13
723	9	13
724	9	12
725	9	11
726	9	11
727	9	10
728	9	10
729	9	10
730	9	10
731	9	10
732	9	10
733	8	11
734	9	10
735	9	10
736	9	10
737	9	10
738	9	10
739	9	10
740	9	10
741	9	10
742	9	10
743	9	9
744	9	9
745	8	9
746	8	9
747	8	9
748	8	8
749	8	8
750	9	7
751	9	8
752	9	8
753	9	8
754	9	9
755	9	9
756	9	10
757	9	9
758	9	9
759	9	9
760	9	9
761	9	9
762	9	9
763	9	8
764	9	8
765	9	8
766	9	8
767	9	8
768	9	9
769	9	8
770	8	8
771	8	8
772	8	8
773	8	8
774	8	8
775	8	8
776	8	8
777	8	8
778	8	8
779	8	8
780	8	9
781	8	9
782	8	10
783	8	9
784	8	10
785	8	10
786	8	10
787	8	9
788	8	9
789	8	9
790	8	9
791	8	9
792	8	9
793	8	9
794	8	9
795	8	9
796	8	10
797	8	11
798	8	11
799	8	10
800	8	11
801	8	11
802	8	10
803	8	10
804	8	10
805	8	9
806	8	10
807	8	9
808	8	9
809	8	9
810	9	9
811	9	9
812	9	9
813	9	8
814	9	8
815	9	8
816	9	8
817	9	9
818	9	9
819	9	9
820	9	8
821	9	8
822	9	8
823	9	8
824	9	8
825	9	7
826	9	7
827	9	7
828	9	6
829	9	6
830	9	6
831	9	6
832	9	6
833	9	6
834	9	6
835	9	5
836	9	6
837	9	6
838	9	6
839	9	6
840	9	6
841	9	6
842	8	6
843	9	5
844	9	5
845	9	5
846	9	5
847	8	5
848	8	5
849	8	5
850	8	6
851	9	6
852	9	6
853	9	7
854	8	7
855	8	7
856	8	7
857	8	7
858	8	7
859	9	5
860	9	5
861	9	5
862	9	5
863	9	5
864	9	5
865	9	4
866	9	4
867	9	4
868	9	4
869	9	5
870	9	5
871	9	5
872	9	5
873	9	6
874	9	6
875	9	7
876	9	6
877	9	6
878	9	6
879	8	6
880	8	5
881	8	5
882	8	5
883	8	5
884	8	5
885	8	5
886	8	5
887	8	5
888	8	5
889	8	5
890	8	5
891	8	6
892	8	5
893	8	5
894	8	5
895	8	4
896	8	5
897	8	4
898	8	4
899	8	3
900	8	3
901	8	3
902	8	3
903	8	3
904	8	2
905	8	2
906	8	2
907	8	2
908	8	2
909	8	1
910	8	1
911	8	1
912	8	1
913	8	1
914	8	1
915	8	1
916	8	1
917	8	1
918	8	1
919	8	1
920	8	1
921	8	1
922	8	1
923	8	1
924	8	1
925	8	1
926	8	1
927	7	1
928	7	1
929	7	1
930	6	1
931	6	1
932	6	1
933	6	2
934	6	2
935	5	2
936	4	2
937	4	2
938	4	2
939	4	2
940	4	2
941	4	3
942	4	3
943	4	3
944	3	2
945	3	2
946	3	4
947	3	4
948	3	4
949	3	5
950	3	6
951	2	6
952	2	8
953	2	8
954	2	8
955	2	8
956	2	8
957	2	9
958	2	9
959	2	9
960	3	9
961	3	10
962	3	11
963	3	10
964	3	11
965	3	11
966	3	11
967	3	11
968	3	11
969	3	13
970	3	13
971	3	13
972	3	13
973	3	14
974	3	14
975	3	15
976	3	15
977	3	15
978	3	15
979	3	15
980	3	16
981	3	16
982	3	17
983	3	17
984	3	16
985	3	16
986	3	19
987	3	19
988	3	19
989	3	20
990	3	20
991	3	21
992	3	22
993	3	22
994	3	22
995	3	22
996	3	23
997	3	24
998	3	24
999	3	24
1000	3	24
1001	3	24
1002	3	24
1003	3	24
1004	3	24
1005	3	24
1006	3	24
1007	3	24
1008	3	23
1009	3	24
1010	3	23
1011	3	23
1012	3	23
1013	3	23
1014	3	23
1015	3	23
1016	4	23
1017	4	23
1018	4	24
1019	4	24
1020	4	24
1021	4	24
1022	4	24
1023	4	24
1024	4	24
1025	4	24
1026	5	24
1027	5	24
1028	5	24
1029	5	24
1030	5	24
1031	5	24
1032	5	24
1033	5	24
1034	6	23
1035	6	23
1036	6	23
1037	6	24
1038	6	23
1039	6	23
1040	6	23
1041	6	23
1042	6	23
1043	6	24
1044	6	23
1045	6	24
1046	6	24
1047	6	24
1048	6	24
1049	6	24
1050	6	23
1051	6	23
1052	6	23
1053	6	24
1054	6	24
1055	6	24
1056	6	24
1057	6	24
1058	6	24
1059	6	24
1060	6	23
1061	6	23
1062	6	24
1063	6	24
1064	6	23
1065	6	23
1066	6	24
1067	6	24
1068	6	24
1069	6	24
1070	6	24
1071	6	24
1072	6	24
1073	6	24
1074	6	24
1075	6	24
1076	6	24
1077	6	24
1078	6	24
1079	6	24
1080	6	24
1081	6	24
1082	6	24
1083	6	24
1084	6	24
1085	6	24
1086	6	24
1087	6	24
1088	6	24
1089	5	24
1090	5	24
1091	5	24
1092	5	24
1093	5	24
1094	5	24
1095	5	24
1096	5	23
1097	5	23
1098	5	23
1099	6	22
1100	7	22
1101	7	22
1102	8	22
1103	8	22
1104	8	23
1105	8	22
1106	8	22
1107	8	22
1108	8	23
1109	8	24
1110	8	24
1111	8	24
1112	8	24
1113	8	24
1114	8	24
1115	9	23
1116	9	23
1117	9	23
1118	9	23
1119	9	23
1120	10	22
1121	11	22
1122	11	22
1123	11	22
1124	11	22
1125	11	22
1126	11	21
1127	11	21
1128	11	22
1129	11	23
1130	11	23
1131	11	23
1132	11	23
1133	11	23
1134	11	23
1135	11	22
1136	11	22
1137	11	21
1138	11	21
1139	11	21
1140	11	21
1141	11	21
1142	11	21
1143	11	21
1144	11	21
1145	11	21
1146	11	21
1147	11	21
1148	11	22
1149	11	22
1150	10	22
1151	10	23
1152	10	23
1153	10	23
1154	10	23
1155	10	22
1156	9	22
1157	10	21
1158	10	21
1159	11	20
1160	12	19
1161	12	19
1162	12	18
1163	12	18
1164	12	18
1165	13	17
1166	13	17
1167	13	17
1168	14	16
1169	14	16
1170	14	16
1171	14	16
1172	14	16
1173	14	16
1174	13	16
1175	13	16
1176	13	15
1177	13	16
1178	13	17
1179	13	17
1180	13	16
1181	13	16
1182	13	16
1183	13	16
1184	13	15
1185	13	15
1186	13	15
1187	13	15
1188	13	15
1189	12	15
1190	12	15
1191	12	15
1192	12	15
1193	12	15
1194	12	15
1195	12	16
1196	12	16
1197	12	16
1198	13	15
1199	13	14
1200	14	11
1201	14	11
1202	14	11
1203	15	10
1204	15	10
1205	15	10
1206	14	10
1207	14	10
1208	14	10
1209	14	9
1210	14	9
1211	14	9
1212	14	8
1213	13	8
1214	13	8
1215	13	8
1216	13	8
1217	12	8
1218	12	8
1219	12	8
1220	12	8
1221	12	8
1222	12	8
1223	12	8
1224	12	8
1225	11	8
1226	11	8
1227	11	8
1228	11	8
1229	11	6
1230	11	5
1231	12	4
1232	12	4
1233	11	4
1234	11	4
1235	9	4
1236	9	4
1237	9	4
1238	8	4
1239	8	4
1240	8	4
1241	8	3
1242	8	3
1243	8	3
1244	8	2
1245	8	2
1246	8	2
1247	8	2
1248	8	0
1249	6	8
