Cycle	Predator Population	Prey Population
1	6	8
2	6	9
3	6	10
4	6	11
5	6	12
6	6	12
7	6	12
8	6	11
9	6	11
10	6	11
11	6	12
12	6	12
13	6	13
14	6	13
15	6	13
16	6	12
17	6	12
18	6	13
19	6	14
20	6	15
21	6	15
22	6	14
23	6	14
24	6	14
25	6	14
26	6	13
27	6	13
28	6	13
29	6	12
30	6	12
31	6	12
32	6	12
33	6	12
34	6	13
35	6	14
36	6	14
37	6	15
38	6	14
39	6	14
40	6	14
41	6	14
42	6	15
43	6	15
44	6	16
45	6	16
46	6	16
47	6	16
48	6	16
49	6	16
50	6	17
51	6	17
52	6	18
53	6	19
54	6	19
55	6	19
56	6	18
57	6	18
58	6	19
59	6	19
60	6	19
61	6	19
62	6	19
63	6	18
64	6	18
65	6	18
66	6	18
67	6	18
68	6	19
69	6	19
70	6	21
71	6	21
72	6	21
73	6	21
74	6	21
75	6	21
76	6	21
77	6	21
78	6	22
79	6	22
80	6	22
81	6	21
82	7	20
83	7	19
84	7	19
85	7	19
86	7	19
87	7	19
88	7	20
89	7	20
90	7	20
91	7	20
92	7	20
93	7	20
94	7	20
95	7	20
96	7	21
97	7	21
98	7	21
99	7	20
100	7	20
101	7	20
102	7	20
103	7	20
104	7	21
105	7	21
106	7	21
107	7	21
108	7	22
109	7	22
110	7	21
111	8	20
112	9	17
113	9	17
114	9	17
115	9	17
116	9	17
117	9	17
118	9	20
119	9	20
120	9	20
121	9	19
122	9	18
123	9	18
124	9	18
125	9	18
126	9	18
127	9	18
128	9	17
129	9	17
130	9	17
131	9	17
132	9	18
133	9	18
134	9	18
135	9	19
136	9	18
137	9	18
138	9	18
139	9	18
140	9	18
141	9	18
142	9	18
143	9	19
144	9	19
145	9	19
146	9	18
147	9	18
148	9	18
149	9	18
150	9	18
151	9	17
152	9	17
153	9	17
154	9	18
155	9	18
156	9	18
157	9	18
158	9	18
159	9	18
160	9	19
161	8	19
162	8	20
163	8	20
164	8	18
165	8	19
166	8	20
167	8	19
168	8	19
169	8	19
170	8	21
171	8	20
172	8	20
173	8	20
174	8	20
175	8	20
176	8	20
177	8	20
178	8	21
179	8	20
180	8	21
181	8	21
182	8	21
183	8	21
184	8	21
185	8	21
186	8	21
187	8	20
188	8	20
189	8	20
190	8	20
191	8	20
192	8	19
193	8	19
194	8	18
195	8	18
196	8	16
197	8	16
198	8	16
199	8	16
200	8	17
201	8	17
202	8	17
203	8	17
204	8	17
205	8	18
206	8	18
207	9	17
208	9	17
209	9	17
210	9	17
211	9	17
212	9	17
213	9	16
214	9	16
215	9	16
216	9	17
217	9	17
218	9	17
219	9	18
220	9	18
221	9	18
222	9	18
223	9	18
224	9	18
225	9	17
226	9	16
227	9	16
228	9	15
229	9	16
230	9	16
231	9	17
232	9	18
233	10	17
234	10	17
235	10	15
236	10	15
237	10	15
238	10	15
239	10	17
240	10	17
241	10	17
242	10	17
243	10	17
244	10	17
245	10	17
246	10	17
247	10	17
248	10	17
249	10	16
250	10	16
251	10	16
252	10	15
253	10	15
254	10	15
255	10	15
256	10	15
257	10	15
258	10	15
259	10	14
260	10	14
261	10	14
262	10	14
263	10	16
264	10	15
265	10	15
266	10	15
267	10	15
268	8	15
269	8	15
270	8	16
271	8	16
272	8	17
273	8	16
274	8	16
275	8	15
276	8	15
277	8	16
278	8	18
279	8	18
280	8	19
281	8	19
282	8	18
283	8	17
284	8	17
285	8	16
286	8	16
287	8	16
288	8	16
289	8	16
290	8	15
291	8	15
292	8	15
293	9	13
294	9	14
295	9	14
296	9	14
297	9	14
298	9	14
299	9	14
300	9	14
301	9	14
302	9	15
303	9	15
304	9	15
305	9	15
306	9	15
307	9	15
308	9	15
309	9	16
310	9	17
311	9	17
312	9	17
313	9	17
314	9	17
315	9	17
316	9	16
317	9	17
318	8	18
319	8	18
320	8	19
321	8	18
322	8	19
323	8	18
324	8	18
325	8	19
326	8	18
327	8	18
328	8	18
329	8	17
330	7	16
331	6	16
332	6	17
333	6	17
334	6	17
335	6	17
336	6	17
337	6	18
338	6	18
339	6	18
340	6	19
341	6	20
342	5	20
343	5	20
344	5	20
345	5	20
346	5	20
347	5	20
348	5	20
349	5	20
350	5	22
351	5	22
352	5	23
353	5	23
354	5	24
355	5	24
356	5	24
357	5	24
358	5	24
359	5	23
360	5	23
361	5	22
362	5	22
363	5	22
364	5	21
365	5	21
366	5	21
367	5	21
368	5	21
369	5	21
370	5	21
371	5	22
372	5	22
373	5	22
374	5	22
375	5	23
376	5	23
377	5	24
378	5	24
379	5	24
380	5	24
381	5	23
382	5	23
383	5	23
384	5	23
385	5	23
386	5	23
387	5	24
388	5	24
389	5	24
390	5	24
391	5	24
392	5	24
393	5	24
394	5	24
395	5	24
396	5	24
397	5	24
398	5	24
399	5	24
400	5	24
401	5	24
402	5	24
403	5	24
404	5	24
405	5	24
406	5	24
407	5	24
408	5	24
409	5	24
410	5	24
411	5	24
412	6	23
413	6	23
414	6	23
415	6	23
416	6	23
417	6	24
418	6	24
419	6	23
420	6	24
421	6	24
422	6	24
423	6	24
424	6	24
425	6	24
426	6	24
427	6	24
428	6	24
429	6	24
430	6	24
431	6	24
432	6	24
433	6	24
434	6	24
435	6	24
436	6	24
437	7	24
438	7	24
439	7	24
440	7	24
441	7	24
442	7	24
443	7	24
444	7	24
445	7	24
446	7	24
447	6	23
448	6	24
449	6	23
450	6	23
451	7	22
452	7	23
453	7	23
454	7	23
455	7	23
456	7	24
457	7	23
458	7	24
459	7	24
460	7	24
461	7	24
462	7	24
463	7	24
464	7	24
465	7	24
466	7	24
467	7	24
468	6	24
469	6	24
470	6	24
471	6	24
472	6	24
473	6	24
474	6	24
475	6	24
476	6	24
477	6	24
478	6	24
479	6	24
480	6	24
481	6	24
482	6	24
483	6	24
484	6	24
485	6	24
486	6	24
487	6	24
488	6	23
489	6	24
490	6	24
491	6	24
492	6	24
493	6	24
494	6	24
495	6	24
496	6	24
497	6	24
498	6	24
499	6	24
500	6	24
501	6	24
502	6	24
503	6	24
504	6	24
505	6	24
506	6	24
507	6	24
508	6	24
509	6	24
510	6	24
511	6	24
512	6	24
513	6	24
514	6	24
515	6	24
516	6	24
517	6	24
518	6	24
519	6	24
520	6	24
521	6	24
522	6	24
523	7	24
524	7	24
525	7	24
526	7	24
527	8	24
528	8	24
529	8	24
530	8	24
531	8	24
532	8	24
533	8	24
534	8	24
535	8	24
536	8	24
537	8	24
538	8	24
539	8	24
540	8	24
541	8	24
542	8	23
543	8	23
544	8	23
545	9	22
546	9	23
547	9	23
548	9	23
549	10	22
550	10	22
551	10	23
552	10	23
553	11	22
554	11	24
555	11	24
556	11	24
557	11	24
558	11	24
559	12	23
560	13	22
561	13	24
562	13	24
563	13	24
564	13	24
565	13	24
566	13	24
567	13	24
568	13	24
569	14	23
570	14	24
571	15	22
572	15	22
573	14	22
574	14	22
575	14	22
576	14	22
577	14	22
578	14	21
579	14	21
580	13	22
581	13	22
582	13	21
583	13	21
584	13	21
585	13	21
586	13	21
587	13	21
588	13	21
589	13	23
590	13	22
591	13	22
592	13	22
593	13	22
594	13	22
595	13	23
596	13	23
597	13	22
598	14	21
599	14	21
600	15	20
601	15	20
602	15	20
603	15	21
604	15	23
605	15	22
606	14	22
607	14	21
608	14	21
609	14	21
610	14	21
611	14	21
612	14	20
613	14	20
614	14	20
615	14	20
616	14	20
617	14	20
618	14	20
619	14	20
620	14	20
621	14	21
622	14	21
623	14	22
624	14	23
625	14	22
626	14	22
627	14	22
628	14	23
629	14	23
630	14	23
631	14	22
632	14	21
633	13	20
634	14	19
635	14	19
636	14	18
637	14	18
638	14	18
639	14	18
640	14	18
641	14	18
642	14	17
643	14	16
644	14	16
645	14	16
646	14	18
647	14	18
648	14	18
649	15	17
650	15	16
651	15	16
652	15	16
653	15	16
654	15	17
655	15	16
656	15	16
657	15	15
658	15	13
659	15	13
660	15	13
661	14	13
662	14	13
663	14	12
664	14	12
665	14	13
666	14	13
667	14	13
668	15	12
669	15	12
670	14	12
671	14	12
672	14	12
673	14	12
674	14	13
675	14	13
676	14	13
677	14	13
678	13	13
679	13	12
680	13	12
681	13	12
682	13	11
683	13	11
684	13	11
685	13	11
686	13	10
687	13	10
688	13	10
689	13	10
690	13	10
691	13	10
692	13	9
693	13	9
694	13	9
695	13	9
696	13	8
697	12	8
698	12	8
699	12	9
700	12	9
701	12	9
702	12	9
703	10	10
704	10	9
705	11	9
706	11	9
707	11	9
708	11	9
709	11	9
710	11	9
711	11	9
712	11	9
713	10	9
714	10	9
715	10	9
716	10	9
717	10	9
718	10	9
719	10	9
720	10	8
721	10	9
722	10	9
723	10	8
724	10	8
725	10	8
726	10	8
727	10	8
728	10	8
729	10	8
730	10	8
731	9	8
732	9	8
733	9	8
734	9	8
735	9	9
736	9	9
737	9	9
738	9	9
739	9	9
740	8	9
741	8	9
742	8	9
743	9	8
744	8	9
745	8	9
746	8	8
747	8	7
748	8	8
749	8	8
750	8	8
751	8	8
752	8	7
753	8	7
754	9	7
755	9	7
756	9	7
757	9	7
758	9	7
759	9	7
760	9	7
761	9	7
762	9	7
763	9	8
764	8	8
765	8	9
766	8	9
767	8	6
768	8	6
769	8	6
770	8	6
771	8	6
772	8	6
773	8	6
774	8	6
775	8	6
776	8	6
777	7	6
778	6	6
779	6	6
780	6	7
781	6	7
782	6	6
783	6	6
784	6	7
785	6	7
786	6	7
787	6	7
788	6	6
789	6	6
790	6	6
791	5	6
792	5	6
793	5	6
794	5	7
795	5	7
796	5	8
797	5	8
798	4	8
799	5	7
800	5	7
801	5	8
802	5	8
803	5	8
804	5	8
805	5	8
806	5	8
807	5	9
808	4	10
809	4	10
810	4	10
811	4	10
812	4	11
813	4	12
814	4	12
815	4	12
816	4	13
817	4	15
818	4	15
819	4	16
820	4	17
821	4	16
822	4	16
823	4	16
824	4	16
825	4	16
826	4	18
827	4	18
828	4	19
829	4	19
830	4	19
831	4	18
832	4	18
833	4	18
834	3	18
835	3	19
836	3	19
837	3	18
838	3	18
839	3	18
840	3	18
841	3	18
842	3	19
843	3	19
844	3	19
845	3	19
846	3	19
847	3	19
848	3	19
849	3	19
850	3	20
851	3	20
852	3	20
853	3	21
854	3	21
855	3	21
856	3	21
857	3	22
858	3	22
859	3	22
860	3	23
861	3	24
862	3	24
863	3	24
864	3	24
865	3	24
866	3	24
867	3	24
868	3	24
869	3	24
870	3	24
871	3	24
872	3	24
873	3	24
874	3	24
875	3	24
876	3	24
877	3	24
878	3	24
879	3	24
880	3	24
881	3	24
882	3	24
883	3	24
884	3	24
885	3	24
886	3	24
887	3	24
888	3	24
889	3	24
890	3	24
891	4	23
892	4	23
893	4	24
894	4	24
895	4	24
896	4	24
897	4	24
898	4	24
899	4	24
900	4	24
901	4	24
902	4	24
903	4	23
904	4	24
905	4	23
906	4	23
907	4	23
908	4	24
909	4	24
910	4	24
911	4	24
912	4	24
913	4	24
914	4	24
915	4	24
916	5	24
917	5	24
918	5	24
919	5	24
920	5	24
921	5	24
922	5	24
923	5	24
924	5	24
925	5	24
926	5	24
927	5	24
928	5	24
929	5	24
930	5	24
931	5	24
932	5	24
933	5	24
934	5	24
935	5	24
936	6	24
937	7	23
938	7	23
939	7	24
940	7	24
941	7	23
942	7	24
943	7	24
944	7	24
945	7	24
946	7	24
947	7	24
948	7	24
949	7	24
950	7	24
951	7	24
952	7	24
953	7	24
954	7	24
955	7	24
956	7	23
957	7	23
958	7	24
959	7	24
960	7	24
961	7	23
962	8	23
963	8	23
964	8	23
965	8	24
966	8	24
967	8	24
968	8	24
969	8	24
970	8	24
971	7	24
972	7	24
973	7	24
974	7	24
975	7	24
976	7	24
977	7	24
978	7	24
979	7	24
980	7	24
981	7	24
982	7	24
983	7	24
984	8	23
985	8	23
986	8	24
987	8	24
988	8	24
989	8	24
990	8	24
991	8	24
992	8	24
993	8	24
994	8	24
995	8	24
996	8	23
997	7	22
998	7	23
999	7	23
1000	7	23
1001	7	24
1002	7	24
1003	7	24
1004	7	24
1005	7	24
1006	8	23
1007	8	23
1008	8	24
1009	8	24
1010	8	24
1011	8	24
1012	8	24
1013	8	24
1014	8	23
1015	8	24
1016	8	24
1017	8	24
1018	8	24
1019	7	24
1020	7	24
1021	7	24
1022	7	24
1023	7	24
1024	7	24
1025	7	24
1026	7	24
1027	7	24
1028	7	24
1029	7	24
1030	7	24
1031	7	24
1032	7	24
1033	7	24
1034	7	24
1035	7	24
1036	7	24
1037	7	24
1038	7	24
1039	7	24
1040	7	24
1041	6	24
1042	7	23
1043	7	24
1044	7	24
1045	7	24
1046	7	24
1047	7	24
1048	7	24
1049	7	24
1050	7	24
1051	7	24
1052	7	23
1053	7	23
1054	7	23
1055	8	22
1056	7	23
1057	7	23
1058	7	23
1059	7	23
1060	6	24
1061	6	24
1062	6	24
1063	7	24
1064	7	24
1065	7	24
1066	7	24
1067	7	24
1068	7	22
1069	7	22
1070	7	22
1071	7	22
1072	7	24
1073	7	24
1074	7	24
1075	7	24
1076	7	24
1077	7	24
1078	7	24
1079	7	24
1080	7	24
1081	7	24
1082	7	24
1083	7	24
1084	7	24
1085	7	24
1086	7	24
1087	7	24
1088	7	24
1089	7	24
1090	7	24
1091	7	24
1092	7	24
1093	7	24
1094	7	24
1095	7	24
1096	7	24
1097	7	24
1098	7	24
1099	7	24
1100	7	24
1101	7	24
1102	8	24
1103	9	23
1104	9	23
1105	9	23
1106	9	23
1107	9	23
1108	9	24
1109	10	23
1110	11	23
1111	11	24
1112	11	24
1113	11	24
1114	11	24
1115	11	24
1116	11	24
1117	11	24
1118	11	24
1119	11	24
1120	11	24
1121	11	24
1122	11	24
1123	11	24
1124	11	24
1125	11	24
1126	11	24
1127	11	24
1128	10	24
1129	11	24
1130	11	24
1131	11	23
1132	11	23
1133	11	23
1134	11	24
1135	11	24
1136	11	24
1137	11	24
1138	10	24
1139	10	24
1140	10	24
1141	10	24
1142	9	24
1143	9	24
1144	9	23
1145	9	24
1146	9	23
1147	9	24
1148	9	24
1149	9	24
1150	9	24
1151	9	24
1152	9	24
1153	9	23
1154	9	24
1155	9	24
1156	10	23
1157	10	23
1158	10	24
1159	10	24
1160	10	24
1161	10	24
1162	10	24
1163	10	24
1164	10	24
1165	10	23
1166	10	24
1167	11	23
1168	11	24
1169	11	24
1170	11	24
1171	11	24
1172	11	24
1173	11	24
1174	11	24
1175	11	24
1176	11	23
1177	11	23
1178	11	23
1179	11	22
1180	12	21
1181	12	21
1182	12	22
1183	12	22
1184	12	24
1185	12	24
1186	12	24
1187	12	24
1188	12	24
1189	12	23
1190	12	22
1191	12	22
1192	12	22
1193	12	22
1194	12	22
1195	12	22
1196	12	22
1197	12	22
1198	12	24
1199	12	24
1200	12	24
1201	12	24
1202	11	24
1203	11	24
1204	11	24
1205	11	23
1206	11	23
1207	11	23
1208	11	22
1209	11	22
1210	11	21
1211	11	20
1212	11	19
1213	11	19
1214	11	20
1215	10	20
1216	10	20
1217	9	20
1218	9	21
1219	9	21
1220	9	22
1221	9	22
1222	9	22
1223	9	23
1224	9	23
1225	9	23
1226	10	23
1227	10	23
1228	10	23
1229	11	22
1230	11	22
1231	11	21
1232	11	20
1233	11	20
1234	11	21
1235	11	21
1236	11	21
1237	11	20
1238	11	20
1239	11	20
1240	11	20
1241	11	20
1242	11	20
1243	11	21
1244	11	21
1245	11	21
1246	11	21
1247	11	21
1248	11	21
1249	11	21
1250	11	21
1251	11	21
1252	11	21
1253	11	21
1254	11	20
1255	11	19
1256	11	19
1257	12	18
1258	12	20
1259	12	20
1260	12	19
1261	12	18
1262	12	18
1263	13	17
1264	13	17
1265	13	16
1266	13	16
1267	13	16
1268	13	16
1269	12	16
1270	12	16
1271	12	16
1272	12	16
1273	12	17
1274	12	17
1275	12	17
1276	12	17
1277	12	17
1278	12	14
1279	12	14
1280	12	14
1281	12	14
1282	12	13
1283	12	13
1284	12	11
1285	12	10
1286	12	10
1287	12	10
1288	12	10
1289	12	11
1290	12	11
1291	12	11
1292	11	10
1293	11	10
1294	11	10
1295	11	10
1296	11	10
1297	11	10
1298	11	10
1299	10	9
1300	10	9
1301	10	8
1302	10	8
1303	10	8
1304	10	9
1305	10	9
1306	10	9
1307	10	9
1308	10	9
1309	9	9
1310	9	9
1311	9	9
1312	9	10
1313	9	11
1314	9	10
1315	9	10
1316	9	10
1317	9	10
1318	9	10
1319	9	11
1320	9	11
1321	10	11
1322	10	11
1323	10	11
1324	10	11
1325	10	11
1326	10	11
1327	10	9
1328	10	9
1329	10	7
1330	10	7
1331	10	7
1332	10	7
1333	10	7
1334	10	7
1335	10	7
1336	10	7
1337	10	7
1338	10	7
1339	10	7
1340	10	7
1341	9	7
1342	9	7
1343	9	7
1344	9	7
1345	9	6
1346	9	7
1347	9	7
1348	9	7
1349	9	7
1350	9	7
1351	9	7
1352	9	7
1353	9	9
1354	9	9
1355	9	8
1356	9	8
1357	9	8
1358	9	7
1359	9	8
1360	9	7
1361	9	7
1362	9	7
1363	9	6
1364	9	6
1365	9	6
1366	9	6
1367	9	6
1368	9	6
1369	9	6
1370	9	7
1371	9	8
1372	9	9
1373	9	9
1374	9	9
1375	9	8
1376	9	8
1377	9	7
1378	9	8
1379	9	8
1380	10	9
1381	9	9
1382	9	9
1383	9	10
1384	9	10
1385	8	10
1386	8	10
1387	8	12
1388	9	11
1389	9	11
1390	9	11
1391	9	11
1392	9	11
1393	9	11
1394	9	10
1395	9	10
1396	9	10
1397	8	10
1398	8	12
1399	8	13
1400	8	13
1401	8	12
1402	8	12
1403	8	12
1404	8	12
1405	8	13
1406	8	14
1407	8	14
1408	8	13
1409	8	13
1410	8	14
1411	9	13
1412	9	13
1413	9	13
1414	9	13
1415	8	12
1416	8	14
1417	8	14
1418	8	14
1419	8	14
1420	8	14
1421	9	13
1422	9	13
1423	9	13
1424	9	14
1425	9	14
1426	9	14
1427	9	15
1428	8	16
1429	8	16
1430	8	16
1431	8	16
1432	9	14
1433	9	13
1434	9	13
1435	9	13
1436	9	13
1437	9	14
1438	9	13
1439	9	12
1440	9	13
1441	9	15
1442	9	14
1443	9	13
1444	9	14
1445	9	14
1446	9	14
1447	9	14
1448	9	13
1449	9	12
1450	9	13
1451	9	13
1452	9	13
1453	9	13
1454	9	13
1455	9	13
1456	9	14
1457	9	14
1458	9	14
1459	9	15
1460	9	15
1461	9	16
1462	9	16
1463	9	15
1464	9	15
1465	9	15
1466	9	15
1467	9	15
1468	9	15
1469	9	15
1470	9	15
1471	9	14
1472	9	15
1473	9	15
1474	9	15
1475	8	15
1476	8	16
1477	8	16
1478	8	15
1479	7	15
1480	7	14
1481	7	13
1482	7	13
1483	7	13
1484	7	13
1485	7	13
1486	7	13
1487	7	13
1488	7	13
1489	7	13
1490	7	13
1491	7	13
1492	7	15
1493	7	15
1494	7	16
1495	7	16
1496	7	15
1497	7	15
1498	6	15
1499	6	16
1500	6	16
1501	6	16
1502	6	17
1503	6	16
1504	6	16
1505	6	16
1506	6	16
1507	6	16
1508	6	16
1509	6	17
1510	6	17
1511	6	17
1512	7	17
1513	7	16
1514	7	16
1515	7	17
1516	7	17
1517	7	15
1518	7	15
1519	7	15
1520	7	14
1521	7	14
1522	7	14
1523	7	14
1524	7	14
1525	7	14
1526	7	15
1527	7	15
1528	7	15
1529	7	15
1530	7	16
1531	7	16
1532	7	16
1533	7	17
1534	7	17
1535	7	17
1536	7	17
1537	7	18
1538	7	17
1539	7	17
1540	7	17
1541	7	17
1542	7	17
1543	7	17
1544	7	17
1545	7	16
1546	7	16
1547	7	16
1548	7	16
1549	7	16
1550	7	17
1551	7	17
1552	7	18
1553	7	18
1554	7	17
1555	7	17
1556	7	16
1557	7	15
1558	7	15
1559	7	16
1560	7	16
1561	7	16
1562	7	16
1563	7	16
1564	7	17
1565	7	17
1566	7	17
1567	7	15
1568	7	14
1569	7	14
1570	7	14
1571	7	13
1572	8	12
1573	8	12
1574	8	12
1575	8	12
1576	8	12
1577	8	12
1578	8	12
1579	8	12
1580	8	12
1581	8	12
1582	8	12
1583	8	12
1584	8	12
1585	8	12
1586	8	12
1587	8	12
1588	8	12
1589	8	13
1590	8	13
1591	8	13
1592	8	13
1593	8	12
1594	8	12
1595	8	12
1596	8	12
1597	8	12
1598	9	11
1599	9	13
1600	9	15
1601	9	15
1602	9	15
1603	9	15
1604	9	15
1605	9	15
1606	9	15
1607	8	15
1608	8	14
1609	8	14
1610	8	14
1611	8	13
1612	8	13
1613	8	13
1614	8	14
1615	8	14
1616	8	13
1617	8	14
1618	8	14
1619	9	13
1620	9	13
1621	9	13
1622	8	13
1623	8	13
1624	9	12
1625	9	12
1626	9	12
1627	9	13
1628	9	12
1629	9	12
1630	9	12
1631	9	12
1632	9	12
1633	8	12
1634	8	13
1635	8	13
1636	8	14
1637	8	14
1638	9	13
1639	9	14
1640	9	14
1641	9	15
1642	9	15
1643	9	15
1644	9	14
1645	9	14
1646	9	14
1647	9	14
1648	9	14
1649	9	14
1650	9	14
1651	9	14
1652	9	14
1653	9	15
1654	9	15
1655	9	15
1656	10	14
1657	10	14
1658	10	14
1659	9	13
1660	9	13
1661	9	13
1662	9	13
1663	9	13
1664	9	13
1665	9	13
1666	9	14
1667	9	13
1668	9	14
1669	9	15
1670	9	14
1671	9	14
1672	9	11
1673	9	11
1674	9	11
1675	9	11
1676	9	11
1677	9	11
1678	9	11
1679	9	11
1680	9	11
1681	9	11
1682	9	11
1683	9	11
1684	9	11
1685	9	13
1686	9	12
1687	9	12
1688	9	12
1689	9	12
1690	9	12
1691	9	13
1692	10	12
1693	10	12
1694	10	12
1695	10	13
1696	10	11
1697	10	13
1698	10	13
1699	10	13
1700	10	13
1701	10	13
1702	10	12
1703	10	12
1704	10	12
1705	10	12
1706	9	13
1707	9	13
1708	9	13
1709	8	13
1710	8	14
1711	8	15
1712	8	15
1713	8	15
1714	8	15
1715	7	15
1716	7	15
1717	7	15
1718	7	14
1719	7	14
1720	7	14
1721	8	13
1722	8	13
1723	8	12
1724	8	12
1725	8	13
1726	8	13
1727	8	12
1728	8	11
1729	9	9
1730	9	9
1731	10	8
1732	10	8
1733	10	8
1734	10	9
1735	10	9
1736	10	9
1737	10	9
1738	10	9
1739	10	9
1740	10	11
1741	10	12
1742	10	11
1743	10	11
1744	10	11
1745	10	11
1746	10	11
1747	10	10
1748	10	10
1749	10	11
1750	10	11
1751	10	11
1752	10	11
1753	10	11
1754	10	11
1755	10	11
1756	10	11
1757	10	11
1758	10	12
1759	10	11
1760	10	11
1761	10	10
1762	9	10
1763	9	10
1764	9	9
1765	9	9
1766	9	9
1767	9	9
1768	9	9
1769	8	10
1770	8	10
1771	8	10
1772	8	11
1773	8	11
1774	8	12
1775	8	12
1776	8	11
1777	8	10
1778	8	10
1779	8	10
1780	8	10
1781	8	10
1782	8	10
1783	7	10
1784	7	10
1785	7	10
1786	7	10
1787	7	10
1788	7	10
1789	7	9
1790	7	9
1791	7	10
1792	7	11
1793	7	12
1794	7	12
1795	7	12
1796	6	12
1797	6	13
1798	6	11
1799	6	11
1800	6	12
1801	6	12
1802	6	12
1803	6	12
1804	6	13
1805	6	14
1806	6	14
1807	6	13
1808	6	13
1809	6	13
1810	6	14
1811	6	15
1812	6	15
1813	6	15
1814	6	15
1815	6	15
1816	6	15
1817	6	15
1818	6	15
1819	6	15
1820	6	16
1821	6	16
1822	6	16
1823	6	17
1824	6	17
1825	6	19
1826	6	19
1827	6	19
1828	6	20
1829	6	21
1830	5	21
1831	5	21
1832	5	21
1833	5	21
1834	5	21
1835	5	22
1836	4	22
1837	4	21
1838	4	21
1839	4	21
1840	4	24
1841	4	23
1842	4	22
1843	4	22
1844	4	22
1845	4	22
1846	4	22
1847	4	21
1848	4	23
1849	4	23
1850	4	23
1851	4	24
1852	4	24
1853	4	24
1854	4	24
1855	4	24
1856	4	24
1857	4	24
1858	4	24
1859	4	24
1860	4	24
1861	4	24
1862	4	24
1863	4	24
1864	4	24
1865	4	24
1866	4	24
1867	5	23
1868	5	23
1869	5	24
1870	5	24
1871	5	24
1872	5	24
1873	5	24
1874	5	24
1875	5	24
1876	5	24
1877	5	24
1878	5	24
1879	5	23
1880	5	23
1881	5	23
1882	5	22
1883	5	22
1884	5	22
1885	5	24
1886	5	24
1887	5	24
1888	6	24
1889	6	24
1890	6	24
1891	6	24
1892	6	24
1893	6	24
1894	6	24
1895	6	24
1896	6	24
1897	6	24
1898	6	24
1899	6	24
1900	6	24
1901	6	23
1902	6	22
1903	6	22
1904	6	23
1905	6	24
1906	6	24
1907	6	24
1908	6	24
1909	7	23
1910	7	23
1911	7	24
1912	7	24
1913	7	22
1914	7	22
1915	7	22
1916	7	22
1917	7	22
1918	7	22
1919	7	22
1920	7	23
1921	7	24
1922	7	23
1923	7	24
1924	7	24
1925	7	24
1926	7	24
1927	7	24
1928	7	24
1929	7	24
1930	7	24
1931	7	24
1932	7	24
1933	7	24
1934	7	24
1935	7	24
1936	7	24
1937	7	24
1938	8	23
1939	9	22
1940	9	21
1941	9	22
1942	9	22
1943	9	22
1944	9	22
1945	10	21
1946	11	20
1947	11	20
1948	11	20
1949	11	19
1950	11	19
1951	11	20
1952	11	21
1953	11	20
1954	11	20
1955	11	20
1956	11	20
1957	11	20
1958	11	21
1959	11	22
1960	11	23
1961	11	23
1962	11	22
1963	11	23
1964	11	23
1965	11	24
1966	11	24
1967	11	24
1968	12	23
1969	12	24
1970	12	23
1971	12	23
1972	12	23
1973	11	23
1974	10	23
1975	10	23
1976	10	24
1977	10	24
1978	10	23
1979	10	23
1980	9	22
1981	8	22
1982	8	22
1983	8	22
1984	8	23
1985	8	23
1986	8	24
1987	8	24
1988	8	24
1989	8	24
1990	8	24
1991	8	24
1992	8	24
1993	8	23
1994	8	23
1995	8	22
1996	8	22
1997	8	23
1998	8	23
1999	8	24
2000	8	23
2001	6	8
