Cycle	Predator Population	Prey Population
1	6	8
2	6	8
3	6	8
4	6	8
5	6	8
6	6	11
7	6	11
8	6	11
9	6	11
10	6	12
11	6	13
12	6	13
13	6	13
14	6	13
15	6	14
16	6	15
17	6	15
18	6	14
19	6	14
20	6	14
21	6	14
22	6	15
23	6	15
24	6	15
25	6	14
26	6	14
27	6	15
28	6	16
29	6	16
30	6	16
31	6	17
32	6	17
33	6	18
34	6	18
35	4	18
36	4	18
37	4	18
38	4	19
39	4	19
40	4	19
41	4	19
42	4	18
43	4	18
44	4	18
45	4	18
46	4	20
47	4	20
48	4	21
49	4	20
50	4	19
51	4	20
52	4	21
53	4	21
54	4	21
55	4	21
56	4	23
57	4	23
58	4	23
59	4	23
60	4	23
61	4	22
62	4	23
63	4	23
64	4	23
65	4	23
66	4	24
67	4	24
68	4	24
69	4	24
70	4	24
71	4	23
72	4	23
73	4	24
74	4	24
75	4	24
76	4	24
77	4	24
78	4	24
79	4	24
80	4	24
81	4	24
82	4	24
83	4	24
84	4	24
85	4	24
86	4	24
87	4	24
88	4	24
89	4	24
90	4	24
91	4	24
92	4	24
93	4	24
94	4	24
95	4	24
96	4	24
97	4	24
98	5	22
99	5	23
100	5	23
101	5	24
102	5	24
103	5	24
104	5	24
105	5	24
106	5	24
107	5	24
108	5	24
109	5	24
110	5	24
111	5	24
112	5	24
113	6	22
114	6	22
115	6	23
116	6	23
117	6	24
118	6	24
119	6	24
120	6	24
121	6	24
122	6	24
123	6	24
124	6	24
125	6	24
126	6	23
127	7	22
128	7	22
129	7	24
130	7	24
131	7	24
132	7	24
133	7	24
134	7	24
135	7	24
136	7	24
137	7	24
138	7	24
139	7	24
140	7	24
141	7	24
142	7	23
143	7	23
144	7	23
145	7	24
146	7	24
147	7	23
148	6	24
149	6	24
150	7	23
151	7	23
152	7	24
153	7	24
154	8	23
155	8	23
156	8	22
157	8	20
158	8	20
159	8	20
160	8	21
161	8	22
162	8	22
163	8	22
164	8	23
165	8	23
166	8	23
167	8	24
168	8	24
169	8	24
170	8	23
171	8	23
172	8	23
173	8	23
174	8	23
175	8	23
176	8	23
177	8	24
178	8	24
179	8	24
180	8	24
181	8	24
182	8	24
183	8	24
184	8	23
185	9	22
186	9	22
187	9	23
188	9	23
189	8	23
190	8	23
191	9	22
192	9	22
193	9	24
194	9	24
195	9	24
196	9	24
197	9	24
198	9	24
199	9	23
200	9	23
201	9	23
202	8	22
203	8	22
204	8	23
205	8	22
206	8	22
207	8	22
208	8	22
209	8	22
210	8	23
211	8	23
212	8	24
213	8	24
214	9	24
215	9	24
216	10	23
217	10	23
218	10	23
219	10	23
220	10	23
221	10	24
222	11	24
223	11	24
224	11	24
225	11	24
226	11	24
227	11	24
228	11	24
229	11	24
230	10	24
231	10	24
232	10	24
233	10	24
234	10	24
235	10	24
236	10	24
237	10	24
238	10	24
239	10	24
240	12	22
241	12	22
242	12	22
243	12	22
244	12	22
245	12	22
246	12	22
247	12	23
248	13	22
249	13	22
250	13	22
251	13	22
252	13	20
253	13	20
254	13	20
255	13	20
256	13	20
257	13	22
258	13	22
259	13	22
260	13	21
261	14	20
262	14	20
263	14	20
264	14	20
265	15	19
266	15	20
267	15	19
268	15	19
269	16	18
270	16	18
271	16	18
272	16	18
273	16	18
274	16	18
275	14	17
276	14	17
277	14	17
278	13	17
279	13	17
280	13	18
281	13	17
282	13	16
283	13	16
284	13	16
285	13	17
286	13	17
287	13	17
288	13	17
289	13	17
290	13	17
291	13	17
292	13	18
293	14	17
294	14	17
295	14	17
296	14	17
297	14	17
298	14	16
299	14	15
300	13	14
301	13	14
302	13	12
303	13	12
304	13	12
305	13	11
306	13	11
307	13	11
308	13	11
309	13	11
310	13	11
311	13	11
312	13	11
313	13	11
314	13	11
315	13	11
316	13	11
317	13	12
318	13	11
319	13	11
320	13	11
321	13	11
322	13	11
323	13	11
324	13	11
325	13	11
326	13	11
327	13	11
328	12	10
329	12	10
330	12	10
331	12	10
332	12	7
333	12	7
334	12	7
335	12	7
336	12	7
337	12	7
338	12	7
339	12	7
340	12	7
341	12	7
342	12	7
343	12	7
344	12	6
345	10	6
346	10	5
347	10	5
348	10	5
349	10	5
350	9	5
351	9	4
352	9	4
353	9	4
354	9	4
355	9	3
356	9	3
357	9	3
358	9	3
359	9	3
360	9	3
361	9	3
362	9	3
363	9	3
364	9	3
365	9	3
366	9	3
367	9	3
368	9	3
369	9	3
370	9	3
371	9	3
372	8	3
373	8	3
374	8	3
375	7	4
376	7	4
377	7	4
378	7	4
379	7	4
380	7	4
381	7	4
382	6	5
383	6	5
384	6	5
385	5	5
386	5	5
387	5	5
388	5	5
389	5	5
390	5	5
391	5	5
392	5	5
393	5	5
394	4	4
395	4	4
396	4	4
397	4	4
398	4	4
399	4	6
400	4	6
401	4	6
402	4	6
403	4	6
404	4	5
405	4	5
406	4	5
407	4	5
408	4	5
409	4	5
410	3	5
411	3	5
412	3	5
413	3	5
414	2	5
415	2	5
416	2	5
417	2	6
418	2	6
419	2	6
420	2	6
421	2	6
422	2	8
423	2	10
424	2	10
425	2	10
426	2	8
427	2	8
428	2	8
429	2	8
430	2	8
431	2	8
432	2	9
433	2	9
434	2	10
435	2	10
436	2	10
437	2	11
438	2	11
439	2	11
440	2	12
441	2	13
442	2	13
443	2	14
444	3	14
445	3	14
446	3	14
447	3	14
448	3	15
449	3	15
450	3	16
451	3	16
452	3	16
453	3	16
454	3	16
455	3	16
456	3	17
457	3	19
458	3	19
459	3	20
460	3	20
461	3	20
462	3	20
463	3	20
464	3	20
465	3	20
466	3	20
467	3	22
468	3	22
469	3	22
470	3	22
471	3	22
472	3	23
473	3	23
474	3	23
475	3	23
476	3	23
477	3	23
478	3	24
479	3	24
480	3	24
481	3	24
482	3	24
483	3	24
484	3	24
485	3	24
486	3	23
487	3	24
488	3	24
489	3	24
490	3	24
491	3	24
492	3	24
493	3	24
494	3	24
495	3	24
496	3	24
497	3	23
498	3	23
499	3	24
500	3	24
501	3	24
502	3	24
503	3	24
504	3	24
505	3	24
506	3	24
507	3	24
508	3	24
509	3	24
510	3	24
511	3	24
512	3	24
513	3	24
514	3	24
515	3	24
516	3	24
517	3	24
518	3	24
519	3	24
520	3	24
521	3	24
522	3	24
523	3	24
524	3	24
525	3	24
526	3	24
527	3	24
528	3	24
529	3	24
530	3	23
531	3	24
532	3	24
533	3	24
534	3	24
535	3	24
536	3	24
537	3	24
538	3	24
539	3	24
540	3	24
541	3	24
542	3	24
543	3	24
544	3	24
545	3	24
546	3	24
547	3	24
548	3	24
549	3	24
550	3	24
551	3	24
552	3	24
553	3	24
554	3	24
555	3	24
556	3	24
557	3	24
558	3	24
559	3	24
560	3	24
561	3	24
562	3	24
563	4	24
564	4	24
565	4	24
566	4	24
567	4	24
568	4	24
569	4	24
570	4	24
571	4	24
572	4	24
573	4	24
574	3	24
575	3	24
576	3	24
577	3	24
578	3	24
579	4	24
580	4	24
581	4	24
582	4	24
583	4	24
584	4	24
585	4	24
586	4	24
587	4	24
588	4	24
589	4	23
590	4	24
591	4	24
592	4	24
593	4	24
594	4	24
595	4	24
596	4	24
597	4	24
598	4	24
599	4	24
600	4	24
601	4	24
602	4	24
603	4	24
604	4	24
605	4	24
606	4	24
607	4	24
608	4	24
609	4	24
610	4	24
611	4	24
612	4	24
613	4	24
614	3	24
615	3	24
616	3	24
617	3	24
618	3	24
619	3	24
620	3	24
621	3	24
622	3	24
623	3	24
624	3	24
625	3	24
626	3	24
627	2	24
628	2	24
629	3	23
630	3	23
631	3	23
632	3	24
633	3	24
634	3	24
635	3	24
636	3	24
637	3	24
638	3	24
639	3	24
640	3	24
641	3	24
642	3	24
643	4	24
644	4	24
645	4	24
646	4	24
647	4	24
648	4	24
649	4	24
650	4	24
651	4	24
652	4	24
653	4	24
654	4	24
655	4	24
656	4	24
657	4	24
658	4	24
659	4	24
660	4	24
661	4	24
662	4	24
663	4	24
664	4	24
665	4	24
666	4	24
667	4	24
668	4	24
669	4	24
670	4	24
671	4	24
672	4	24
673	4	24
674	3	24
675	3	23
676	4	23
677	4	23
678	4	23
679	4	23
680	5	23
681	5	24
682	5	24
683	5	24
684	5	24
685	5	24
686	5	24
687	5	24
688	5	24
689	5	24
690	5	24
691	5	24
692	5	24
693	5	24
694	5	24
695	5	24
696	5	24
697	5	24
698	5	24
699	5	24
700	5	24
701	6	24
702	6	24
703	6	24
704	6	24
705	6	24
706	7	23
707	7	23
708	7	23
709	7	23
710	7	24
711	8	23
712	8	23
713	8	24
714	8	24
715	8	24
716	9	23
717	9	24
718	9	24
719	9	24
720	9	24
721	10	23
722	10	23
723	10	23
724	10	23
725	10	23
726	10	24
727	10	24
728	11	23
729	11	24
730	11	24
731	11	24
732	11	24
733	11	24
734	13	23
735	13	24
736	13	24
737	13	24
738	13	24
739	13	24
740	13	24
741	13	24
742	13	24
743	13	24
744	13	24
745	13	24
746	13	24
747	13	24
748	13	24
749	13	24
750	13	24
751	12	24
752	12	24
753	12	24
754	12	24
755	12	24
756	12	24
757	12	24
758	13	23
759	13	23
760	13	22
761	14	21
762	14	22
763	14	22
764	14	23
765	14	22
766	14	23
767	14	23
768	14	23
769	13	23
770	14	22
771	14	22
772	14	22
773	14	22
774	14	22
775	14	22
776	15	21
777	15	21
778	15	21
779	15	21
780	15	21
781	15	21
782	15	21
783	15	21
784	15	20
785	15	21
786	15	21
787	15	21
788	15	21
789	15	22
790	15	21
791	15	21
792	15	22
793	15	22
794	15	22
795	15	22
796	15	22
797	15	22
798	16	22
799	16	23
800	18	21
801	18	21
802	18	21
803	18	21
804	18	21
805	18	22
806	18	21
807	18	21
808	18	21
809	18	21
810	18	21
811	18	21
812	18	21
813	18	22
814	18	22
815	18	22
816	18	22
817	18	22
818	18	21
819	18	21
820	18	22
821	18	22
822	18	21
823	18	20
824	17	19
825	18	19
826	18	19
827	18	19
828	18	19
829	18	19
830	18	19
831	18	19
832	18	19
833	18	19
834	18	20
835	17	20
836	17	20
837	17	19
838	17	19
839	17	19
840	17	18
841	17	18
842	17	18
843	17	18
844	17	19
845	18	18
846	18	18
847	18	18
848	18	20
849	18	20
850	18	20
851	18	20
852	18	20
853	18	19
854	18	19
855	18	19
856	18	19
857	18	18
858	18	18
859	18	18
860	17	18
861	17	18
862	17	18
863	17	17
864	17	17
865	17	17
866	17	15
867	17	14
868	16	12
869	16	12
870	16	11
871	16	11
872	16	11
873	16	11
874	15	11
875	15	11
876	15	10
877	15	10
878	15	10
879	15	10
880	15	10
881	15	10
882	15	10
883	15	10
884	15	10
885	15	10
886	15	10
887	15	10
888	15	10
889	15	10
890	15	10
891	15	10
892	15	10
893	15	10
894	15	10
895	15	10
896	15	11
897	15	11
898	15	11
899	15	11
900	15	11
901	15	11
902	15	11
903	15	12
904	15	12
905	15	12
906	15	12
907	15	12
908	15	11
909	15	11
910	15	11
911	15	10
912	15	10
913	15	10
914	15	10
915	15	11
916	16	9
917	16	9
918	16	9
919	16	9
920	16	8
921	16	8
922	16	8
923	16	8
924	16	8
925	16	8
926	16	8
927	15	7
928	15	7
929	15	7
930	14	7
931	14	8
932	14	8
933	14	8
934	14	8
935	14	7
936	14	7
937	14	8
938	14	8
939	14	7
940	14	7
941	14	7
942	13	6
943	13	6
944	13	5
945	13	4
946	13	4
947	13	5
948	13	5
949	13	5
950	13	5
951	12	5
952	12	5
953	12	4
954	12	4
955	11	4
956	10	4
957	10	4
958	10	4
959	10	4
960	10	4
961	10	4
962	10	4
963	9	4
964	9	4
965	9	4
966	9	4
967	9	4
968	9	4
969	9	4
970	9	4
971	9	4
972	9	4
973	9	4
974	9	4
975	9	4
976	9	4
977	9	4
978	9	4
979	9	5
980	9	5
981	9	5
982	9	5
983	9	5
984	9	6
985	9	6
986	9	5
987	9	5
988	9	4
989	9	4
990	9	4
991	9	3
992	9	3
993	9	3
994	9	3
995	8	3
996	8	3
997	8	3
998	8	3
999	8	3
1000	8	3
1001	8	4
1002	8	4
1003	8	4
1004	8	4
1005	9	3
1006	9	3
1007	9	3
1008	9	2
1009	9	2
1010	9	2
1011	9	2
1012	9	2
1013	9	2
1014	9	2
1015	9	2
1016	9	2
1017	8	2
1018	8	2
1019	8	2
1020	8	2
1021	7	2
1022	6	2
1023	6	2
1024	6	2
1025	6	2
1026	6	2
1027	6	1
1028	6	1
1029	6	1
1030	6	0
1031	6	8
