Cycle	Predator Population	Prey Population
1	6	8
2	6	8
3	6	9
4	7	8
5	7	8
6	7	8
7	7	9
8	7	10
9	7	10
10	7	11
11	7	11
12	7	11
13	7	11
14	7	10
15	7	10
16	7	10
17	7	9
18	7	9
19	8	10
20	8	10
21	8	10
22	8	11
23	8	11
24	8	12
25	8	11
26	9	10
27	9	10
28	9	10
29	9	10
30	9	10
31	9	9
32	9	9
33	9	9
34	9	9
35	7	9
36	7	9
37	7	10
38	7	10
39	7	10
40	7	10
41	7	11
42	8	11
43	8	12
44	8	12
45	8	12
46	8	12
47	8	12
48	8	12
49	8	11
50	8	11
51	8	11
52	8	10
53	8	10
54	7	12
55	7	13
56	7	14
57	8	13
58	8	13
59	9	12
60	9	12
61	9	12
62	9	12
63	9	11
64	9	12
65	9	13
66	9	13
67	9	13
68	9	13
69	9	13
70	9	13
71	9	13
72	9	13
73	9	14
74	9	14
75	9	14
76	10	13
77	10	13
78	10	13
79	10	13
80	10	13
81	10	12
82	11	12
83	11	11
84	11	11
85	11	11
86	11	11
87	11	11
88	11	11
89	11	11
90	10	12
91	10	12
92	9	13
93	9	13
94	8	13
95	8	12
96	8	11
97	8	11
98	8	11
99	9	10
100	9	10
101	9	9
102	9	8
103	9	8
104	9	8
105	9	9
106	9	9
107	9	10
108	9	10
109	9	11
110	9	11
111	9	12
112	9	12
113	9	12
114	9	12
115	9	13
116	9	13
117	9	13
118	9	13
119	9	13
120	9	13
121	9	13
122	9	13
123	9	11
124	9	13
125	9	12
126	9	13
127	8	14
128	8	14
129	8	14
130	8	14
131	8	15
132	8	15
133	8	16
134	7	16
135	7	16
136	7	16
137	7	16
138	7	16
139	7	16
140	7	17
141	7	17
142	7	16
143	7	15
144	7	14
145	8	13
146	9	12
147	9	12
148	10	11
149	10	12
150	10	12
151	10	12
152	10	12
153	10	12
154	10	12
155	10	12
156	10	12
157	10	12
158	10	12
159	10	12
160	10	12
161	10	12
162	10	12
163	11	11
164	11	12
165	11	12
166	11	12
167	11	11
168	11	11
169	11	11
170	12	11
171	12	10
172	12	10
173	12	9
174	12	9
175	12	10
176	12	9
177	12	8
178	12	8
179	12	8
180	11	8
181	10	8
182	10	8
183	10	8
184	10	8
185	10	10
186	10	9
187	10	8
188	10	7
189	10	7
190	10	7
191	10	7
192	10	7
193	10	7
194	10	7
195	10	7
196	10	7
197	10	7
198	10	7
199	10	7
200	10	7
201	10	7
202	10	7
203	10	6
204	9	7
205	8	7
206	8	7
207	8	7
208	8	7
209	8	7
210	8	7
211	8	7
212	8	6
213	8	6
214	8	7
215	8	7
216	8	7
217	8	7
218	8	7
219	8	6
220	8	7
221	8	7
222	8	7
223	8	7
224	8	8
225	8	8
226	8	9
227	8	9
228	8	9
229	8	9
230	8	9
231	8	8
232	8	8
233	8	8
234	8	8
235	8	8
236	8	9
237	8	9
238	8	10
239	8	9
240	8	9
241	8	9
242	8	9
243	8	9
244	8	9
245	8	9
246	8	9
247	8	9
248	8	8
249	8	8
250	8	7
251	8	7
252	8	7
253	8	7
254	8	7
255	8	8
256	7	9
257	7	9
258	7	9
259	7	9
260	7	9
261	7	9
262	7	9
263	7	9
264	7	9
265	7	9
266	7	9
267	7	9
268	7	9
269	7	9
270	7	9
271	7	9
272	7	9
273	7	10
274	7	10
275	6	9
276	6	9
277	6	9
278	6	9
279	6	9
280	6	9
281	6	8
282	6	8
283	6	8
284	6	8
285	6	9
286	7	8
287	7	8
288	7	10
289	7	10
290	7	10
291	7	10
292	7	11
293	7	10
294	7	10
295	7	9
296	7	9
297	8	9
298	8	9
299	8	9
300	8	7
301	8	7
302	8	6
303	8	6
304	8	6
305	8	6
306	8	6
307	8	6
308	8	6
309	8	7
310	8	7
311	8	7
312	8	7
313	8	7
314	8	7
315	8	7
316	8	7
317	8	8
318	8	7
319	8	7
320	8	7
321	8	7
322	8	7
323	8	7
324	8	7
325	8	8
326	8	9
327	8	8
328	8	8
329	8	8
330	8	8
331	8	7
332	7	8
333	7	8
334	7	8
335	7	8
336	7	8
337	7	8
338	7	8
339	7	8
340	7	8
341	7	8
342	7	8
343	7	9
344	6	10
345	6	10
346	6	10
347	6	9
348	6	8
349	6	8
350	6	8
351	6	8
352	6	8
353	6	8
354	6	8
355	6	7
356	6	7
357	6	7
358	6	7
359	6	7
360	6	7
361	6	7
362	6	7
363	6	7
364	6	7
365	6	7
366	6	7
367	6	7
368	6	7
369	6	7
370	7	7
371	7	8
372	7	9
373	7	9
374	7	9
375	7	9
376	7	9
377	7	9
378	7	9
379	7	9
380	7	9
381	7	9
382	7	10
383	7	11
384	7	10
385	7	10
386	7	10
387	7	10
388	8	9
389	8	8
390	8	7
391	8	7
392	8	8
393	8	7
394	8	6
395	8	7
396	8	7
397	8	6
398	8	7
399	8	7
400	8	7
401	8	7
402	8	8
403	9	6
404	9	6
405	9	6
406	9	6
407	9	6
408	9	6
409	9	6
410	9	6
411	9	6
412	9	6
413	9	6
414	9	6
415	9	6
416	9	6
417	9	5
418	9	5
419	9	5
420	9	5
421	9	5
422	9	7
423	9	7
424	9	7
425	9	7
426	9	8
427	9	8
428	9	8
429	9	8
430	9	8
431	9	8
432	9	7
433	9	7
434	9	6
435	9	6
436	8	6
437	8	6
438	8	6
439	8	6
440	8	6
441	8	6
442	8	7
443	8	7
444	8	7
445	8	9
446	8	8
447	8	8
448	8	8
449	8	8
450	8	8
451	8	8
452	8	7
453	8	7
454	8	8
455	8	8
456	8	8
457	8	8
458	8	7
459	7	7
460	7	7
461	7	7
462	7	7
463	7	8
464	8	7
465	8	7
466	8	7
467	8	7
468	8	7
469	8	8
470	8	8
471	8	9
472	8	8
473	8	8
474	8	8
475	8	8
476	8	8
477	8	8
478	8	9
479	7	9
480	7	10
481	7	10
482	7	10
483	7	10
484	7	11
485	7	12
486	7	12
487	7	12
488	7	13
489	7	12
490	7	12
491	8	11
492	8	11
493	8	10
494	8	10
495	8	10
496	7	10
497	7	10
498	7	10
499	7	10
500	7	11
501	7	11
502	7	12
503	7	12
504	7	12
505	7	12
506	7	12
507	7	12
508	7	13
509	7	13
510	7	14
511	7	14
512	7	14
513	6	13
514	6	13
515	6	13
516	6	13
517	6	13
518	6	13
519	6	13
520	6	15
521	6	15
522	6	15
523	6	15
524	6	15
525	6	15
526	6	18
527	6	18
528	6	18
529	7	16
530	7	15
531	6	15
532	6	14
533	6	14
534	6	14
535	7	13
536	7	14
537	7	14
538	7	14
539	7	14
540	7	14
541	7	14
542	7	14
543	8	13
544	8	13
545	8	13
546	9	11
547	9	11
548	9	11
549	9	11
550	9	10
551	9	10
552	9	10
553	9	10
554	9	11
555	9	11
556	9	11
557	9	11
558	9	11
559	9	11
560	9	11
561	9	11
562	9	12
563	9	12
564	9	12
565	9	11
566	9	12
567	9	12
568	9	14
569	9	14
570	9	13
571	9	13
572	8	13
573	8	13
574	8	14
575	8	14
576	8	15
577	8	15
578	8	15
579	8	15
580	9	15
581	8	15
582	7	15
583	7	15
584	7	15
585	7	15
586	7	15
587	7	14
588	7	13
589	7	13
590	7	13
591	7	13
592	7	14
593	7	13
594	7	13
595	7	13
596	7	13
597	7	13
598	7	14
599	7	13
600	7	12
601	7	12
602	7	12
603	7	12
604	7	12
605	7	14
606	7	14
607	7	14
608	7	14
609	7	14
610	7	14
611	7	14
612	7	14
613	7	15
614	7	15
615	7	15
616	7	14
617	7	15
618	7	15
619	7	15
620	8	14
621	8	14
622	8	14
623	8	15
624	8	14
625	8	14
626	8	14
627	8	15
628	8	15
629	8	14
630	8	15
631	8	15
632	8	14
633	8	14
634	8	14
635	8	14
636	8	14
637	8	14
638	8	15
639	8	14
640	8	14
641	8	14
642	8	14
643	8	15
644	8	15
645	8	15
646	8	15
647	8	15
648	8	15
649	8	16
650	8	16
651	8	16
652	8	16
653	8	14
654	8	14
655	8	15
656	8	14
657	8	14
658	8	13
659	8	13
660	8	14
661	8	14
662	8	14
663	8	14
664	8	14
665	8	14
666	8	14
667	8	12
668	8	12
669	8	12
670	8	13
671	8	13
672	8	13
673	8	13
674	8	13
675	8	14
676	8	15
677	8	14
678	9	13
679	9	13
680	9	13
681	9	14
682	9	14
683	9	14
684	9	13
685	8	14
686	8	14
687	8	14
688	8	14
689	8	14
690	8	16
691	8	16
692	8	16
693	8	15
694	7	15
695	7	15
696	7	15
697	7	15
698	7	15
699	7	16
700	7	15
701	7	14
702	7	14
703	7	14
704	7	15
705	7	16
706	7	17
707	7	17
708	8	16
709	8	16
710	8	16
711	8	16
712	8	16
713	8	16
714	8	17
715	8	16
716	8	16
717	8	16
718	8	15
719	8	14
720	8	13
721	8	13
722	8	12
723	8	12
724	8	11
725	8	12
726	8	12
727	8	12
728	8	12
729	8	12
730	7	12
731	7	13
732	7	12
733	7	12
734	7	13
735	7	13
736	7	13
737	6	13
738	7	12
739	7	12
740	7	12
741	7	12
742	7	12
743	7	13
744	7	13
745	7	13
746	7	13
747	7	13
748	7	14
749	7	14
750	7	15
751	7	15
752	8	15
753	8	14
754	8	14
755	8	14
756	8	14
757	8	13
758	8	12
759	8	12
760	8	12
761	8	12
762	8	12
763	8	12
764	8	12
765	8	14
766	8	14
767	8	14
768	8	14
769	8	14
770	8	14
771	8	14
772	8	14
773	8	15
774	8	13
775	8	13
776	8	13
777	8	13
778	8	13
779	8	13
780	9	12
781	9	12
782	9	11
783	9	11
784	9	12
785	9	12
786	9	12
787	8	12
788	8	13
789	8	13
790	8	13
791	8	13
792	8	13
793	8	12
794	8	12
795	8	12
796	9	11
797	9	10
798	10	9
799	10	9
800	10	9
801	10	10
802	10	10
803	10	10
804	10	10
805	10	10
806	10	10
807	10	10
808	10	10
809	10	10
810	10	10
811	10	10
812	10	11
813	10	11
814	10	11
815	9	12
816	9	12
817	9	12
818	9	12
819	9	12
820	9	12
821	9	12
822	9	12
823	9	12
824	9	12
825	9	12
826	9	12
827	9	11
828	9	12
829	9	10
830	9	10
831	9	10
832	9	11
833	8	11
834	8	11
835	8	11
836	8	11
837	8	12
838	7	11
839	7	11
840	7	11
841	7	11
842	7	11
843	7	12
844	7	12
845	7	12
846	7	12
847	7	12
848	7	12
849	7	12
850	7	12
851	7	12
852	7	12
853	7	12
854	7	11
855	7	11
856	7	11
857	8	12
858	8	12
859	8	12
860	8	12
861	8	12
862	8	12
863	8	12
864	7	12
865	7	13
866	7	13
867	7	13
868	8	12
869	8	12
870	8	12
871	7	12
872	7	12
873	7	12
874	7	11
875	7	11
876	7	11
877	7	12
878	7	11
879	7	11
880	7	11
881	7	11
882	7	10
883	7	10
884	7	11
885	7	12
886	7	12
887	7	13
888	7	13
889	7	13
890	7	12
891	7	11
892	7	11
893	7	11
894	7	12
895	6	11
896	6	11
897	6	11
898	6	12
899	6	13
900	6	13
901	6	13
902	6	15
903	5	15
904	5	15
905	5	16
906	5	16
907	5	16
908	5	18
909	5	18
910	5	18
911	5	18
912	5	18
913	5	18
914	5	17
915	5	17
916	5	18
917	5	19
918	6	18
919	6	18
920	6	18
921	6	18
922	6	17
923	6	17
924	6	18
925	6	18
926	6	18
927	6	18
928	6	19
929	6	19
930	7	19
931	7	18
932	7	17
933	7	17
934	7	17
935	7	19
936	7	20
937	7	19
938	7	18
939	7	19
940	7	19
941	7	19
942	7	20
943	8	19
944	8	20
945	8	20
946	8	21
947	8	20
948	8	20
949	8	20
950	8	20
951	8	20
952	8	20
953	7	20
954	7	20
955	7	20
956	7	19
957	8	19
958	8	19
959	8	19
960	8	19
961	8	19
962	8	19
963	8	19
964	8	20
965	7	20
966	7	20
967	7	19
968	7	19
969	7	19
970	7	19
971	7	19
972	7	19
973	7	19
974	7	19
975	7	20
976	7	21
977	7	19
978	7	19
979	7	19
980	7	19
981	7	19
982	7	19
983	7	19
984	7	19
985	7	20
986	7	19
987	7	20
988	7	20
989	7	20
990	7	21
991	7	21
992	7	23
993	7	23
994	7	22
995	7	22
996	7	21
997	7	21
998	7	22
999	7	21
1000	7	21
1001	7	21
1002	7	22
1003	7	22
1004	7	22
1005	7	22
1006	7	23
1007	7	23
1008	7	24
1009	7	24
1010	7	24
1011	7	24
1012	7	23
1013	7	23
1014	7	24
1015	7	24
1016	7	24
1017	7	24
1018	7	24
1019	7	24
1020	7	23
1021	7	23
1022	7	24
1023	7	24
1024	7	24
1025	7	24
1026	7	24
1027	7	24
1028	7	24
1029	8	24
1030	8	23
1031	8	23
1032	8	23
1033	8	23
1034	8	23
1035	8	23
1036	8	24
1037	8	24
1038	8	24
1039	8	24
1040	8	23
1041	8	23
1042	8	23
1043	9	23
1044	8	24
1045	8	24
1046	8	24
1047	8	24
1048	8	23
1049	8	23
1050	8	23
1051	8	23
1052	9	22
1053	9	22
1054	9	22
1055	9	22
1056	9	21
1057	9	21
1058	9	20
1059	10	19
1060	10	20
1061	10	20
1062	10	20
1063	10	20
1064	10	21
1065	10	21
1066	10	21
1067	10	21
1068	10	21
1069	10	21
1070	10	20
1071	10	19
1072	10	19
1073	10	19
1074	10	19
1075	10	19
1076	10	18
1077	10	19
1078	10	20
1079	10	21
1080	10	20
1081	10	20
1082	10	18
1083	10	18
1084	10	18
1085	10	18
1086	10	18
1087	10	18
1088	10	18
1089	10	18
1090	10	18
1091	10	17
1092	10	18
1093	10	18
1094	10	18
1095	10	18
1096	10	18
1097	11	18
1098	11	18
1099	11	18
1100	11	17
1101	11	17
1102	11	17
1103	11	17
1104	10	16
1105	10	16
1106	10	15
1107	10	14
1108	10	13
1109	10	12
1110	11	11
1111	11	10
1112	11	8
1113	11	8
1114	11	8
1115	11	8
1116	11	8
1117	11	8
1118	11	9
1119	11	9
1120	11	9
1121	11	9
1122	11	9
1123	11	9
1124	11	9
1125	11	8
1126	11	8
1127	11	8
1128	11	8
1129	11	8
1130	11	7
1131	11	8
1132	11	7
1133	11	7
1134	10	7
1135	10	7
1136	10	7
1137	10	7
1138	10	7
1139	10	7
1140	12	4
1141	12	4
1142	12	4
1143	12	4
1144	13	3
1145	12	2
1146	12	2
1147	12	2
1148	12	2
1149	12	3
1150	12	3
1151	11	3
1152	11	2
1153	11	2
1154	11	2
1155	11	2
1156	11	2
1157	11	2
1158	10	2
1159	10	2
1160	10	2
1161	10	2
1162	10	2
1163	10	2
1164	10	2
1165	10	2
1166	10	2
1167	10	2
1168	10	2
1169	10	3
1170	10	3
1171	10	3
1172	9	3
1173	9	3
1174	9	2
1175	7	2
1176	7	2
1177	7	2
1178	7	2
1179	6	2
1180	6	2
1181	6	2
1182	6	2
1183	6	2
1184	6	2
1185	6	2
1186	6	2
1187	5	2
1188	5	2
1189	4	2
1190	4	2
1191	4	2
1192	4	2
1193	4	3
1194	3	3
1195	2	3
1196	1	3
1197	1	3
1198	1	3
1199	1	3
1200	1	3
1201	1	3
1202	1	4
1203	1	5
1204	1	5
1205	1	5
1206	1	6
1207	1	7
1208	1	8
1209	1	9
1210	1	9
1211	1	9
1212	1	10
1213	1	12
1214	1	12
1215	1	13
1216	1	13
1217	1	13
1218	0	13
1219	6	8
