Cycle	Predator Population	Prey Population
1	6	8
2	6	8
3	6	8
4	6	8
5	6	8
6	7	7
7	7	8
8	7	9
9	7	10
10	7	10
11	7	10
12	7	11
13	7	11
14	7	12
15	7	12
16	7	12
17	7	12
18	7	12
19	7	12
20	7	12
21	7	13
22	7	13
23	7	14
24	7	15
25	7	14
26	7	14
27	7	14
28	7	15
29	7	15
30	7	14
31	7	14
32	7	14
33	7	14
34	7	14
35	6	14
36	6	15
37	6	14
38	6	14
39	6	14
40	6	14
41	6	14
42	6	14
43	6	15
44	6	16
45	6	16
46	6	16
47	6	16
48	6	15
49	6	15
50	6	15
51	6	15
52	6	16
53	6	17
54	6	17
55	7	16
56	6	16
57	6	17
58	6	17
59	6	18
60	6	19
61	6	20
62	6	20
63	6	20
64	6	20
65	6	19
66	6	19
67	7	19
68	7	19
69	7	19
70	7	19
71	7	19
72	6	21
73	6	21
74	6	21
75	6	21
76	6	21
77	6	21
78	6	22
79	6	22
80	6	21
81	7	18
82	7	18
83	7	19
84	7	19
85	7	19
86	7	19
87	7	21
88	7	22
89	7	22
90	7	22
91	7	21
92	7	21
93	7	21
94	7	22
95	7	22
96	7	22
97	7	22
98	7	22
99	7	21
100	7	21
101	7	21
102	7	21
103	7	21
104	7	21
105	7	21
106	7	21
107	7	24
108	7	22
109	7	22
110	7	22
111	7	22
112	7	22
113	7	23
114	7	23
115	7	23
116	7	22
117	7	22
118	7	22
119	7	22
120	7	22
121	7	22
122	7	22
123	7	23
124	7	24
125	7	24
126	6	23
127	6	22
128	6	23
129	6	23
130	6	23
131	6	23
132	6	23
133	6	24
134	6	24
135	6	24
136	6	24
137	6	23
138	6	24
139	6	24
140	6	24
141	6	24
142	6	23
143	6	22
144	6	22
145	6	23
146	7	22
147	7	23
148	7	23
149	7	24
150	7	24
151	7	24
152	7	24
153	7	24
154	7	24
155	7	24
156	7	24
157	7	24
158	7	24
159	7	24
160	7	24
161	7	24
162	7	24
163	7	24
164	7	24
165	7	24
166	7	24
167	7	24
168	7	24
169	7	24
170	7	24
171	7	24
172	7	24
173	7	24
174	7	24
175	7	24
176	7	24
177	7	24
178	7	24
179	7	23
180	7	22
181	7	24
182	7	24
183	7	24
184	7	23
185	7	22
186	7	23
187	6	23
188	6	23
189	6	24
190	6	24
191	6	24
192	6	24
193	6	24
194	6	24
195	6	24
196	6	24
197	6	24
198	6	24
199	6	24
200	6	24
201	6	24
202	7	23
203	7	24
204	7	24
205	7	24
206	7	24
207	7	24
208	7	24
209	7	24
210	7	24
211	7	24
212	7	24
213	8	24
214	8	24
215	8	24
216	8	24
217	8	24
218	8	23
219	9	23
220	9	24
221	9	24
222	9	23
223	9	23
224	9	24
225	9	24
226	10	22
227	10	22
228	10	22
229	10	22
230	10	22
231	10	23
232	10	22
233	10	22
234	10	22
235	10	22
236	10	21
237	10	22
238	10	23
239	10	22
240	10	22
241	10	22
242	10	21
243	10	21
244	10	21
245	10	21
246	10	21
247	10	22
248	10	23
249	10	23
250	10	23
251	10	22
252	10	22
253	10	22
254	10	23
255	10	23
256	10	24
257	10	24
258	10	24
259	10	23
260	10	23
261	10	23
262	10	22
263	10	22
264	10	23
265	10	23
266	10	24
267	10	24
268	10	24
269	10	23
270	11	22
271	11	22
272	11	23
273	12	22
274	12	22
275	12	22
276	12	23
277	12	23
278	12	22
279	12	22
280	12	22
281	12	22
282	12	22
283	12	22
284	12	21
285	12	21
286	12	22
287	12	22
288	12	22
289	12	22
290	12	22
291	12	21
292	12	22
293	12	22
294	12	22
295	12	22
296	12	20
297	12	20
298	11	21
299	11	21
300	11	21
301	11	22
302	11	21
303	11	21
304	11	22
305	11	22
306	11	22
307	11	21
308	11	21
309	11	20
310	11	20
311	11	20
312	11	20
313	11	20
314	11	21
315	11	20
316	11	20
317	11	20
318	11	20
319	11	20
320	11	20
321	11	19
322	11	19
323	11	19
324	11	19
325	11	20
326	11	20
327	11	20
328	11	21
329	11	21
330	11	21
331	11	21
332	11	21
333	11	22
334	11	21
335	11	21
336	11	20
337	10	19
338	10	19
339	10	18
340	10	18
341	10	18
342	10	17
343	11	17
344	11	17
345	11	18
346	11	17
347	11	17
348	11	17
349	11	17
350	11	16
351	11	16
352	11	15
353	11	15
354	11	15
355	11	15
356	11	14
357	11	14
358	10	14
359	10	14
360	10	14
361	10	15
362	10	15
363	10	16
364	10	16
365	10	16
366	10	16
367	10	15
368	10	15
369	10	15
370	10	13
371	10	13
372	10	13
373	10	13
374	10	13
375	10	13
376	10	14
377	10	15
378	10	15
379	10	15
380	10	15
381	10	15
382	10	14
383	10	14
384	10	14
385	9	14
386	9	14
387	9	14
388	9	14
389	9	15
390	9	15
391	9	15
392	9	15
393	9	16
394	9	15
395	9	16
396	9	15
397	9	14
398	9	14
399	9	14
400	9	14
401	9	15
402	9	16
403	9	16
404	8	16
405	8	16
406	8	15
407	8	15
408	8	15
409	8	15
410	8	15
411	8	16
412	8	16
413	8	16
414	7	15
415	7	15
416	7	15
417	7	15
418	7	15
419	7	15
420	7	16
421	8	15
422	8	15
423	8	15
424	8	15
425	8	16
426	8	18
427	8	18
428	8	17
429	8	16
430	8	16
431	8	16
432	8	16
433	8	17
434	9	16
435	9	16
436	9	16
437	9	16
438	9	17
439	9	17
440	9	17
441	9	17
442	9	18
443	9	18
444	9	18
445	9	19
446	9	19
447	9	20
448	9	21
449	9	21
450	9	21
451	10	20
452	10	20
453	10	20
454	10	20
455	10	20
456	8	20
457	8	20
458	8	21
459	7	20
460	7	20
461	7	21
462	7	21
463	7	21
464	7	21
465	7	22
466	7	21
467	7	22
468	7	21
469	7	21
470	7	22
471	7	22
472	7	23
473	7	24
474	7	23
475	7	24
476	7	24
477	8	23
478	8	23
479	7	23
480	7	24
481	8	23
482	8	23
483	8	24
484	8	24
485	8	24
486	8	24
487	8	24
488	8	24
489	8	24
490	8	24
491	8	24
492	8	24
493	8	24
494	8	24
495	8	24
496	8	24
497	8	24
498	8	24
499	8	24
500	9	24
501	9	24
502	9	24
503	9	24
504	9	24
505	9	24
506	9	24
507	9	24
508	9	22
509	9	22
510	9	22
511	9	21
512	8	21
513	8	22
514	8	23
515	8	23
516	8	22
517	8	22
518	8	21
519	8	21
520	8	21
521	8	21
522	8	21
523	8	21
524	8	22
525	8	22
526	7	21
527	7	20
528	7	20
529	7	21
530	7	22
531	6	24
532	6	24
533	6	24
534	6	24
535	6	24
536	6	24
537	6	24
538	6	24
539	6	24
540	6	24
541	6	24
542	6	24
543	6	24
544	6	24
545	6	24
546	6	23
547	6	23
548	6	23
549	6	23
550	6	24
551	6	24
552	6	24
553	6	24
554	6	24
555	6	24
556	6	24
557	6	24
558	6	24
559	6	24
560	6	24
561	6	24
562	6	24
563	6	24
564	6	24
565	6	24
566	6	23
567	6	23
568	6	24
569	6	24
570	6	24
571	6	23
572	5	23
573	5	23
574	5	23
575	5	23
576	5	23
577	5	24
578	5	24
579	5	23
580	5	24
581	5	24
582	4	24
583	4	24
584	4	24
585	4	24
586	4	24
587	4	24
588	4	24
589	4	24
590	4	24
591	4	24
592	4	24
593	4	24
594	4	24
595	4	24
596	4	23
597	4	24
598	4	24
599	4	24
600	4	24
601	4	24
602	5	23
603	5	24
604	5	24
605	5	24
606	5	24
607	5	24
608	5	24
609	5	24
610	5	23
611	5	24
612	5	24
613	5	24
614	5	23
615	5	23
616	5	24
617	5	24
618	5	24
619	5	24
620	5	24
621	5	24
622	5	24
623	6	24
624	6	24
625	6	24
626	6	24
627	6	24
628	6	24
629	6	24
630	7	24
631	7	24
632	7	24
633	7	24
634	7	23
635	7	23
636	7	23
637	7	23
638	7	23
639	7	23
640	7	24
641	7	24
642	7	24
643	7	24
644	7	24
645	7	24
646	7	24
647	7	24
648	7	23
649	7	22
650	7	22
651	7	23
652	7	24
653	7	24
654	7	24
655	7	24
656	7	24
657	8	24
658	8	24
659	8	24
660	9	23
661	9	24
662	9	24
663	9	24
664	9	24
665	9	24
666	9	24
667	9	24
668	9	24
669	9	24
670	9	24
671	9	24
672	8	24
673	8	24
674	8	24
675	8	24
676	8	24
677	8	24
678	8	24
679	8	24
680	8	24
681	8	24
682	8	24
683	8	24
684	8	24
685	8	24
686	8	24
687	8	24
688	7	24
689	7	24
690	7	24
691	8	23
692	8	24
693	8	24
694	8	24
695	7	24
696	7	24
697	7	24
698	7	24
699	8	23
700	8	23
701	8	24
702	8	24
703	8	24
704	8	24
705	8	24
706	8	24
707	8	24
708	8	24
709	8	24
710	8	24
711	8	24
712	7	22
713	7	22
714	7	22
715	7	22
716	7	22
717	7	22
718	7	22
719	7	23
720	7	23
721	7	23
722	7	24
723	7	24
724	7	24
725	7	22
726	6	22
727	6	22
728	6	22
729	6	23
730	6	24
731	6	23
732	6	23
733	6	23
734	6	24
735	6	24
736	6	24
737	6	24
738	6	24
739	6	24
740	6	24
741	6	24
742	6	24
743	6	24
744	6	24
745	6	24
746	7	23
747	7	24
748	6	24
749	6	24
750	6	24
751	6	24
752	6	24
753	6	24
754	6	23
755	6	23
756	6	23
757	6	23
758	6	24
759	6	24
760	6	24
761	6	24
762	6	24
763	6	24
764	6	24
765	6	24
766	7	23
767	7	23
768	7	23
769	7	23
770	7	23
771	7	24
772	7	24
773	7	24
774	7	24
775	7	24
776	7	24
777	7	24
778	7	24
779	8	24
780	9	23
781	9	23
782	9	22
783	9	22
784	8	22
785	8	22
786	8	23
787	9	22
788	9	23
789	9	24
790	9	24
791	9	24
792	9	24
793	9	24
794	9	24
795	9	24
796	9	24
797	9	24
798	9	24
799	9	24
800	9	24
801	9	24
802	9	24
803	9	24
804	9	24
805	9	24
806	9	24
807	9	24
808	10	23
809	10	23
810	10	24
811	10	24
812	10	24
813	10	24
814	10	24
815	10	24
816	10	24
817	10	24
818	10	23
819	10	23
820	11	23
821	11	24
822	11	24
823	11	22
824	11	23
825	11	22
826	11	22
827	11	24
828	11	24
829	11	24
830	11	24
831	11	24
832	11	24
833	11	24
834	11	24
835	11	22
836	11	23
837	11	22
838	11	22
839	11	22
840	11	22
841	11	22
842	11	22
843	11	22
844	11	22
845	11	23
846	11	23
847	11	24
848	11	23
849	11	23
850	12	23
851	12	23
852	12	23
853	11	23
854	11	23
855	11	22
856	11	23
857	11	22
858	11	22
859	11	22
860	11	22
861	11	22
862	10	22
863	10	22
864	10	23
865	10	24
866	10	24
867	10	24
868	10	23
869	10	22
870	10	22
871	10	22
872	10	22
873	10	21
874	10	22
875	10	22
876	10	23
877	11	22
878	11	22
879	11	21
880	11	20
881	12	19
882	12	19
883	12	20
884	12	20
885	12	21
886	12	21
887	12	20
888	12	20
889	12	20
890	12	20
891	12	20
892	12	19
893	12	18
894	12	17
895	12	17
896	12	16
897	12	16
898	12	16
899	13	16
900	13	16
901	13	16
902	13	15
903	13	15
904	13	15
905	13	15
906	13	15
907	13	13
908	13	13
909	12	13
910	13	12
911	13	12
912	13	12
913	13	12
914	13	12
915	13	12
916	13	12
917	13	12
918	13	12
919	13	13
920	13	13
921	13	13
922	13	11
923	13	11
924	13	11
925	13	11
926	13	11
927	13	12
928	13	12
929	14	11
930	14	11
931	14	11
932	14	11
933	14	9
934	14	8
935	14	9
936	14	9
937	14	9
938	14	7
939	13	7
940	13	7
941	13	6
942	13	6
943	13	6
944	13	6
945	13	6
946	13	7
947	13	7
948	13	7
949	13	7
950	12	6
951	12	6
952	12	6
953	12	6
954	12	6
955	12	6
956	12	6
957	12	5
958	12	5
959	12	5
960	12	5
961	12	5
962	12	5
963	12	4
964	11	2
965	11	2
966	11	2
967	11	2
968	11	1
969	11	1
970	11	1
971	11	1
972	11	1
973	11	1
974	11	1
975	11	1
976	11	1
977	11	1
978	11	1
979	11	1
980	11	1
981	11	1
982	11	1
983	10	1
984	10	1
985	10	1
986	10	1
987	10	1
988	10	1
989	8	1
990	8	1
991	7	1
992	7	0
993	6	8
