Cycle	Predator Population	Prey Population
1	6	8
2	6	8
3	6	8
4	6	10
5	6	10
6	7	9
7	7	9
8	7	11
9	7	11
10	7	11
11	7	10
12	7	10
13	7	10
14	7	10
15	7	10
16	7	11
17	7	11
18	7	11
19	7	10
20	7	10
21	7	12
22	7	11
23	7	11
24	7	12
25	7	11
26	7	11
27	7	11
28	7	11
29	7	11
30	7	12
31	7	12
32	7	12
33	7	11
34	7	11
35	5	12
36	5	12
37	5	12
38	5	12
39	5	12
40	5	13
41	5	15
42	5	15
43	5	16
44	5	17
45	5	16
46	5	16
47	5	15
48	5	15
49	5	15
50	5	15
51	5	15
52	5	15
53	5	15
54	5	15
55	5	15
56	4	15
57	4	16
58	4	16
59	4	16
60	4	16
61	4	16
62	4	17
63	4	16
64	4	18
65	4	18
66	4	18
67	4	18
68	4	19
69	4	20
70	4	20
71	4	20
72	4	20
73	4	20
74	4	19
75	4	18
76	4	18
77	4	19
78	4	20
79	4	20
80	4	21
81	4	21
82	4	21
83	4	21
84	4	21
85	4	21
86	4	21
87	4	21
88	4	21
89	4	21
90	4	21
91	4	22
92	4	22
93	4	22
94	4	23
95	5	22
96	5	22
97	5	24
98	5	24
99	5	23
100	5	24
101	5	24
102	5	24
103	5	24
104	5	23
105	5	23
106	5	23
107	5	24
108	5	24
109	5	24
110	5	24
111	5	24
112	5	24
113	6	24
114	6	24
115	6	24
116	6	24
117	6	24
118	6	24
119	6	24
120	6	24
121	6	24
122	6	23
123	6	22
124	6	22
125	6	23
126	6	23
127	6	24
128	6	24
129	6	24
130	5	23
131	5	24
132	5	24
133	5	24
134	5	23
135	5	24
136	5	23
137	5	24
138	5	24
139	5	24
140	5	24
141	5	24
142	5	24
143	5	24
144	5	24
145	5	24
146	5	24
147	5	24
148	4	24
149	4	24
150	4	23
151	4	23
152	4	24
153	4	24
154	4	24
155	4	24
156	4	24
157	5	23
158	5	23
159	5	23
160	5	24
161	5	24
162	5	24
163	5	24
164	5	24
165	5	24
166	5	24
167	5	24
168	5	24
169	5	24
170	5	24
171	6	23
172	6	23
173	6	23
174	6	23
175	6	23
176	6	22
177	6	22
178	6	22
179	6	22
180	6	24
181	6	24
182	6	24
183	6	24
184	6	24
185	6	24
186	6	24
187	6	24
188	6	24
189	6	24
190	6	24
191	6	24
192	6	24
193	6	24
194	7	23
195	7	23
196	7	24
197	7	24
198	7	23
199	7	23
200	7	23
201	7	24
202	8	22
203	8	22
204	8	22
205	8	22
206	7	24
207	7	24
208	7	24
209	7	24
210	7	24
211	7	24
212	8	23
213	8	23
214	8	23
215	8	23
216	8	24
217	8	24
218	8	24
219	8	21
220	8	20
221	8	20
222	8	20
223	8	19
224	8	20
225	8	20
226	8	20
227	8	21
228	8	21
229	8	21
230	8	21
231	8	21
232	8	22
233	8	21
234	8	21
235	8	21
236	8	22
237	8	22
238	8	21
239	8	22
240	8	22
241	8	22
242	8	23
243	8	24
244	8	24
245	8	24
246	8	24
247	8	24
248	8	24
249	8	22
250	8	22
251	8	22
252	8	22
253	8	22
254	8	22
255	8	22
256	8	22
257	8	22
258	8	22
259	8	22
260	8	22
261	8	22
262	8	22
263	8	22
264	8	22
265	8	23
266	8	21
267	8	21
268	8	20
269	8	20
270	8	20
271	8	20
272	8	20
273	8	19
274	8	20
275	8	20
276	7	21
277	7	21
278	7	21
279	7	21
280	7	21
281	7	21
282	7	21
283	7	22
284	7	21
285	7	21
286	7	20
287	7	20
288	7	19
289	7	19
290	7	19
291	7	20
292	7	20
293	7	20
294	7	20
295	7	20
296	7	21
297	7	21
298	7	21
299	7	21
300	7	21
301	7	22
302	7	22
303	7	22
304	7	22
305	7	22
306	7	22
307	7	22
308	7	22
309	7	22
310	7	23
311	7	23
312	7	23
313	7	23
314	7	22
315	7	22
316	8	21
317	8	21
318	8	20
319	8	20
320	8	20
321	8	20
322	8	20
323	8	20
324	8	20
325	8	19
326	8	19
327	8	19
328	8	19
329	8	19
330	8	18
331	8	18
332	8	18
333	8	18
334	8	18
335	8	18
336	8	18
337	8	16
338	8	16
339	8	16
340	8	16
341	8	16
342	9	15
343	9	16
344	9	16
345	9	16
346	9	16
347	9	16
348	9	15
349	9	14
350	9	14
351	8	14
352	8	14
353	8	14
354	8	13
355	8	13
356	8	13
357	8	13
358	8	13
359	8	12
360	8	13
361	8	13
362	8	13
363	8	13
364	8	13
365	8	13
366	8	13
367	8	14
368	8	14
369	8	15
370	8	14
371	8	15
372	8	15
373	8	15
374	8	15
375	8	15
376	8	15
377	8	15
378	8	15
379	8	15
380	8	15
381	8	15
382	8	15
383	8	14
384	8	14
385	8	14
386	7	14
387	7	13
388	7	13
389	8	13
390	8	13
391	8	13
392	8	13
393	8	13
394	8	12
395	8	13
396	8	14
397	8	14
398	8	14
399	8	14
400	8	14
401	8	14
402	8	14
403	9	11
404	9	11
405	9	11
406	9	11
407	9	12
408	9	12
409	9	12
410	9	11
411	9	11
412	9	11
413	9	11
414	10	10
415	10	10
416	10	11
417	10	11
418	10	11
419	10	11
420	10	11
421	10	11
422	10	11
423	10	11
424	10	11
425	10	12
426	10	12
427	10	11
428	10	11
429	10	11
430	10	11
431	10	10
432	10	10
433	10	10
434	10	10
435	10	10
436	10	10
437	10	10
438	9	10
439	9	10
440	9	10
441	9	10
442	9	10
443	9	10
444	9	11
445	9	11
446	9	11
447	9	11
448	9	11
449	7	11
450	7	11
451	7	10
452	7	11
453	7	11
454	7	11
455	7	11
456	7	11
457	7	11
458	7	11
459	7	11
460	7	11
461	7	12
462	7	12
463	8	12
464	8	12
465	8	12
466	8	12
467	7	12
468	7	11
469	7	11
470	7	11
471	7	11
472	7	11
473	7	11
474	7	11
475	7	11
476	6	11
477	6	11
478	6	12
479	6	14
480	6	14
481	6	13
482	7	12
483	7	12
484	7	11
485	7	11
486	7	12
487	7	12
488	7	12
489	7	12
490	7	11
491	7	11
492	7	11
493	7	11
494	7	11
495	7	11
496	7	11
497	7	12
498	7	12
499	8	11
500	8	11
501	8	11
502	8	11
503	8	11
504	8	10
505	8	11
506	8	11
507	8	12
508	8	12
509	8	12
510	8	12
511	8	12
512	8	12
513	8	12
514	8	12
515	8	12
516	8	12
517	8	12
518	8	12
519	8	12
520	8	13
521	8	12
522	8	12
523	8	12
524	8	12
525	8	13
526	8	13
527	8	15
528	8	15
529	8	13
530	8	13
531	8	12
532	8	10
533	8	10
534	7	10
535	7	10
536	7	10
537	7	10
538	7	10
539	7	10
540	7	10
541	7	11
542	7	11
543	7	11
544	7	11
545	7	11
546	7	10
547	7	10
548	7	10
549	7	10
550	7	10
551	7	10
552	7	10
553	7	10
554	7	10
555	7	11
556	7	11
557	7	11
558	7	12
559	7	11
560	7	10
561	7	10
562	7	11
563	7	11
564	7	11
565	7	11
566	7	11
567	6	9
568	6	9
569	6	9
570	6	9
571	6	9
572	6	9
573	6	9
574	6	9
575	6	11
576	6	12
577	6	13
578	6	13
579	6	13
580	7	10
581	7	10
582	7	10
583	7	10
584	7	10
585	7	10
586	7	10
587	7	10
588	7	10
589	7	10
590	7	10
591	7	10
592	7	10
593	7	10
594	7	10
595	7	11
596	7	11
597	7	11
598	7	11
599	7	10
600	8	9
601	8	9
602	8	9
603	8	9
604	8	10
605	8	10
606	8	10
607	8	12
608	8	12
609	8	11
610	8	11
611	8	11
612	8	11
613	8	11
614	8	11
615	7	10
616	7	10
617	7	10
618	7	10
619	7	10
620	7	10
621	7	10
622	7	10
623	7	10
624	7	9
625	7	10
626	7	10
627	7	10
628	7	10
629	7	9
630	7	9
631	7	10
632	7	10
633	7	10
634	7	11
635	6	11
636	6	11
637	6	11
638	6	12
639	6	12
640	6	13
641	7	12
642	7	12
643	7	12
644	7	11
645	8	11
646	8	11
647	7	12
648	7	12
649	7	12
650	7	13
651	7	14
652	7	14
653	7	14
654	7	13
655	7	13
656	7	13
657	7	13
658	7	13
659	7	13
660	7	13
661	7	12
662	7	12
663	7	12
664	7	12
665	7	12
666	7	12
667	7	12
668	7	12
669	7	12
670	7	12
671	7	11
672	7	11
673	7	11
674	7	10
675	7	10
676	7	12
677	7	13
678	7	13
679	7	13
680	7	13
681	7	13
682	7	13
683	7	13
684	7	13
685	7	14
686	7	14
687	7	13
688	7	13
689	7	13
690	7	13
691	7	13
692	7	12
693	7	12
694	7	12
695	7	13
696	7	13
697	7	13
698	7	13
699	7	13
700	7	12
701	7	12
702	7	12
703	7	13
704	7	13
705	7	14
706	7	14
707	7	14
708	7	14
709	7	16
710	7	16
711	7	16
712	7	15
713	7	15
714	7	16
715	7	17
716	7	15
717	7	15
718	7	15
719	7	15
720	7	15
721	7	13
722	6	13
723	6	13
724	6	13
725	5	13
726	5	13
727	5	13
728	5	13
729	5	13
730	5	13
731	5	14
732	6	13
733	6	14
734	6	14
735	6	14
736	6	14
737	6	14
738	6	14
739	7	13
740	7	13
741	7	13
742	7	14
743	7	14
744	7	14
745	7	14
746	7	14
747	7	14
748	7	15
749	7	15
750	7	15
751	7	16
752	7	17
753	7	17
754	7	17
755	7	17
756	7	17
757	7	17
758	7	16
759	7	16
760	7	16
761	7	16
762	7	17
763	7	17
764	7	17
765	7	18
766	8	17
767	7	16
768	7	16
769	7	16
770	7	17
771	7	18
772	7	17
773	7	17
774	6	17
775	6	17
776	6	17
777	6	16
778	6	16
779	6	16
780	6	16
781	6	16
782	7	14
783	7	14
784	7	14
785	8	15
786	8	15
787	8	14
788	8	14
789	8	14
790	8	14
791	8	14
792	8	14
793	8	14
794	8	14
795	8	14
796	8	14
797	8	14
798	8	14
799	8	14
800	8	14
801	8	14
802	8	14
803	8	14
804	8	14
805	8	14
806	8	14
807	8	14
808	8	15
809	8	15
810	8	15
811	8	15
812	8	15
813	8	15
814	9	14
815	9	14
816	9	14
817	9	14
818	9	15
819	9	15
820	8	15
821	8	15
822	8	15
823	8	15
824	8	15
825	8	15
826	8	14
827	8	13
828	9	12
829	9	12
830	9	12
831	8	12
832	8	12
833	8	12
834	8	12
835	8	12
836	8	12
837	8	12
838	8	13
839	8	13
840	8	14
841	8	12
842	8	12
843	8	11
844	8	11
845	8	11
846	8	11
847	8	11
848	8	11
849	8	11
850	8	11
851	8	11
852	8	10
853	8	10
854	8	10
855	8	10
856	8	10
857	8	10
858	8	9
859	8	8
860	8	8
861	8	8
862	8	8
863	7	9
864	7	9
865	7	9
866	7	9
867	7	10
868	7	10
869	7	10
870	7	9
871	7	9
872	7	10
873	7	10
874	7	10
875	7	10
876	7	10
877	7	9
878	7	9
879	7	9
880	7	9
881	7	9
882	7	9
883	8	8
884	8	8
885	8	8
886	8	9
887	8	8
888	8	8
889	8	8
890	8	8
891	8	9
892	8	9
893	8	10
894	8	10
895	8	10
896	8	10
897	8	10
898	8	10
899	8	9
900	8	8
901	8	7
902	8	8
903	8	8
904	8	8
905	8	8
906	8	8
907	8	8
908	8	8
909	8	8
910	8	8
911	8	7
912	8	7
913	8	7
914	8	6
915	8	6
916	8	6
917	8	6
918	8	7
919	8	7
920	8	7
921	8	7
922	8	7
923	8	8
924	8	8
925	8	7
926	7	8
927	7	8
928	7	8
929	7	8
930	7	8
931	7	8
932	7	8
933	7	9
934	7	9
935	7	9
936	7	9
937	7	9
938	7	9
939	7	10
940	7	10
941	7	10
942	7	10
943	7	11
944	7	12
945	7	12
946	7	10
947	7	10
948	7	10
949	7	10
950	7	9
951	7	9
952	7	9
953	7	9
954	7	9
955	7	9
956	7	9
957	7	10
958	8	10
959	8	9
960	8	9
961	8	9
962	8	10
963	8	10
964	8	11
965	8	11
966	8	11
967	8	11
968	8	10
969	8	10
970	8	10
971	8	10
972	8	10
973	8	11
974	8	12
975	8	12
976	8	12
977	8	13
978	8	13
979	8	13
980	8	13
981	8	14
982	8	12
983	8	12
984	8	14
985	8	14
986	8	14
987	8	13
988	8	13
989	8	13
990	8	13
991	7	13
992	7	13
993	7	13
994	7	13
995	7	13
996	7	14
997	7	14
998	7	13
999	7	12
1000	7	13
1001	7	13
1002	7	12
1003	7	12
1004	7	12
1005	7	13
1006	7	14
1007	7	14
1008	7	13
1009	7	13
1010	7	13
1011	7	14
1012	7	14
1013	7	14
1014	7	14
1015	7	14
1016	7	15
1017	7	15
1018	7	15
1019	7	15
1020	7	15
1021	8	14
1022	7	14
1023	7	15
1024	7	15
1025	7	15
1026	7	15
1027	7	15
1028	7	15
1029	8	14
1030	8	15
1031	8	15
1032	8	15
1033	8	15
1034	8	15
1035	8	15
1036	8	16
1037	8	16
1038	8	16
1039	8	17
1040	8	16
1041	9	15
1042	9	15
1043	9	15
1044	8	15
1045	8	15
1046	8	15
1047	8	16
1048	8	16
1049	8	15
1050	8	14
1051	8	14
1052	8	13
1053	8	14
1054	8	14
1055	8	14
1056	8	14
1057	8	15
1058	8	16
1059	8	15
1060	8	15
1061	8	15
1062	8	15
1063	8	15
1064	8	15
1065	8	16
1066	8	16
1067	8	15
1068	8	15
1069	8	16
1070	8	16
1071	8	16
1072	8	16
1073	8	17
1074	8	17
1075	8	17
1076	7	17
1077	7	17
1078	7	17
1079	7	17
1080	7	18
1081	7	18
1082	7	17
1083	7	17
1084	7	17
1085	7	18
1086	7	18
1087	7	19
1088	7	17
1089	7	16
1090	7	16
1091	7	15
1092	7	15
1093	7	15
1094	7	15
1095	7	15
1096	7	15
1097	7	15
1098	7	15
1099	7	15
1100	7	14
1101	7	14
1102	7	14
1103	7	14
1104	7	13
1105	7	14
1106	7	14
1107	7	14
1108	7	14
1109	7	14
1110	7	15
1111	8	15
1112	8	15
1113	8	15
1114	8	15
1115	8	15
1116	8	15
1117	8	15
1118	8	15
1119	8	15
1120	8	15
1121	8	16
1122	8	16
1123	9	15
1124	9	15
1125	9	15
1126	9	16
1127	9	17
1128	10	16
1129	10	15
1130	10	15
1131	10	15
1132	10	15
1133	10	15
1134	10	16
1135	10	16
1136	10	16
1137	10	16
1138	10	17
1139	10	16
1140	10	15
1141	10	15
1142	10	15
1143	10	15
1144	10	16
1145	10	15
1146	10	15
1147	11	14
1148	11	13
1149	11	13
1150	11	13
1151	11	13
1152	11	13
1153	11	13
1154	11	12
1155	11	13
1156	11	13
1157	11	12
1158	11	12
1159	11	13
1160	11	13
1161	11	11
1162	11	11
1163	10	10
1164	10	9
1165	10	9
1166	10	9
1167	10	9
1168	10	9
1169	9	8
1170	9	8
1171	9	8
1172	9	8
1173	9	8
1174	9	8
1175	9	8
1176	9	8
1177	10	9
1178	9	9
1179	9	9
1180	9	9
1181	9	9
1182	8	10
1183	8	10
1184	8	10
1185	8	10
1186	8	10
1187	8	9
1188	8	9
1189	8	9
1190	8	9
1191	8	10
1192	8	10
1193	8	10
1194	8	9
1195	8	9
1196	8	9
1197	8	9
1198	8	9
1199	8	9
1200	8	9
1201	8	9
1202	8	10
1203	8	10
1204	8	9
1205	7	9
1206	7	9
1207	7	9
1208	7	9
1209	8	7
1210	8	6
1211	8	6
1212	7	6
1213	7	5
1214	7	6
1215	7	6
1216	7	6
1217	7	6
1218	7	6
1219	7	6
1220	7	7
1221	7	7
1222	7	8
1223	7	7
1224	7	7
1225	7	7
1226	7	7
1227	7	8
1228	7	8
1229	7	9
1230	7	9
1231	7	9
1232	7	10
1233	7	10
1234	7	10
1235	7	10
1236	7	11
1237	7	10
1238	7	10
1239	7	10
1240	7	9
1241	7	9
1242	7	9
1243	7	9
1244	7	8
1245	7	8
1246	7	8
1247	7	9
1248	7	9
1249	7	9
1250	7	9
1251	7	9
1252	8	8
1253	9	7
1254	9	8
1255	9	8
1256	9	8
1257	9	8
1258	9	8
1259	9	8
1260	9	8
1261	9	8
1262	9	9
1263	8	9
1264	7	9
1265	7	9
1266	7	9
1267	7	9
1268	7	9
1269	7	9
1270	7	8
1271	7	8
1272	7	8
1273	7	8
1274	7	8
1275	7	8
1276	7	8
1277	7	8
1278	6	8
1279	6	8
1280	6	8
1281	6	7
1282	6	7
1283	6	7
1284	6	6
1285	6	6
1286	6	6
1287	6	6
1288	6	6
1289	6	6
1290	5	6
1291	5	7
1292	5	7
1293	5	7
1294	5	7
1295	5	8
1296	5	9
1297	5	9
1298	5	9
1299	5	9
1300	5	9
1301	5	10
1302	5	10
1303	5	10
1304	5	10
1305	5	10
1306	5	11
1307	5	12
1308	5	11
1309	5	11
1310	5	11
1311	5	10
1312	5	10
1313	5	10
1314	5	9
1315	5	9
1316	5	8
1317	5	8
1318	5	8
1319	5	8
1320	5	8
1321	5	8
1322	5	8
1323	5	9
1324	5	9
1325	5	11
1326	5	12
1327	5	12
1328	5	11
1329	5	11
1330	5	11
1331	5	12
1332	5	13
1333	5	13
1334	5	13
1335	4	13
1336	4	13
1337	4	13
1338	4	13
1339	4	14
1340	4	14
1341	4	15
1342	4	16
1343	4	16
1344	4	16
1345	4	17
1346	4	16
1347	5	15
1348	5	15
1349	5	14
1350	5	16
1351	6	15
1352	6	15
1353	6	15
1354	6	15
1355	6	15
1356	6	15
1357	6	16
1358	6	16
1359	6	16
1360	6	16
1361	6	16
1362	6	15
1363	6	16
1364	6	16
1365	6	16
1366	6	16
1367	6	16
1368	6	16
1369	6	16
1370	6	17
1371	6	17
1372	6	18
1373	6	18
1374	6	17
1375	6	17
1376	6	17
1377	6	17
1378	6	17
1379	6	17
1380	6	18
1381	6	19
1382	5	18
1383	5	19
1384	5	19
1385	5	19
1386	5	19
1387	5	20
1388	5	20
1389	5	20
1390	5	20
1391	5	20
1392	5	20
1393	5	20
1394	5	20
1395	5	19
1396	5	19
1397	5	19
1398	5	19
1399	5	19
1400	5	19
1401	5	20
1402	5	21
1403	5	21
1404	5	21
1405	5	21
1406	5	22
1407	5	23
1408	5	23
1409	5	23
1410	5	23
1411	5	23
1412	5	23
1413	5	24
1414	5	24
1415	5	23
1416	5	24
1417	5	24
1418	5	23
1419	5	23
1420	5	23
1421	5	23
1422	5	23
1423	5	24
1424	5	24
1425	5	24
1426	5	23
1427	5	23
1428	5	23
1429	5	23
1430	5	23
1431	5	24
1432	5	24
1433	5	24
1434	5	24
1435	5	24
1436	5	23
1437	5	23
1438	6	21
1439	6	21
1440	6	22
1441	6	23
1442	6	22
1443	6	22
1444	6	22
1445	6	22
1446	6	23
1447	6	23
1448	6	22
1449	6	22
1450	6	22
1451	6	22
1452	6	21
1453	6	21
1454	6	21
1455	6	21
1456	6	20
1457	6	20
1458	6	20
1459	6	20
1460	6	20
1461	6	20
1462	6	20
1463	6	21
1464	6	21
1465	7	20
1466	7	21
1467	7	21
1468	7	21
1469	7	21
1470	7	21
1471	7	21
1472	7	21
1473	7	19
1474	7	19
1475	7	19
1476	7	19
1477	7	19
1478	7	19
1479	7	20
1480	7	20
1481	7	21
1482	7	23
1483	7	24
1484	7	24
1485	7	24
1486	7	24
1487	7	24
1488	7	24
1489	7	24
1490	7	24
1491	7	24
1492	7	24
1493	7	24
1494	7	24
1495	7	24
1496	7	23
1497	7	23
1498	7	24
1499	7	24
1500	6	24
1501	6	24
1502	6	24
1503	6	24
1504	6	24
1505	6	24
1506	6	24
1507	6	24
1508	6	24
1509	6	24
1510	6	24
1511	6	24
1512	6	24
1513	6	24
1514	6	24
1515	5	24
1516	5	24
1517	5	24
1518	5	24
1519	5	24
1520	5	23
1521	5	24
1522	5	24
1523	5	24
1524	5	24
1525	5	24
1526	5	24
1527	5	24
1528	5	24
1529	5	24
1530	5	24
1531	6	23
1532	6	23
1533	6	23
1534	6	23
1535	6	23
1536	6	23
1537	6	23
1538	6	23
1539	6	23
1540	6	24
1541	7	23
1542	7	22
1543	7	22
1544	7	22
1545	7	22
1546	7	23
1547	7	24
1548	7	24
1549	7	24
1550	7	24
1551	7	24
1552	7	24
1553	7	24
1554	7	24
1555	7	24
1556	7	24
1557	7	24
1558	7	24
1559	7	24
1560	7	24
1561	8	24
1562	8	24
1563	8	24
1564	8	24
1565	8	23
1566	7	23
1567	8	22
1568	8	22
1569	8	22
1570	8	23
1571	8	23
1572	8	23
1573	8	23
1574	8	24
1575	8	24
1576	8	24
1577	8	24
1578	8	24
1579	8	24
1580	8	24
1581	8	23
1582	9	20
1583	9	20
1584	9	20
1585	9	20
1586	9	19
1587	9	19
1588	9	19
1589	9	19
1590	9	19
1591	9	19
1592	9	19
1593	9	19
1594	9	20
1595	9	19
1596	8	19
1597	8	18
1598	8	19
1599	9	19
1600	9	19
1601	9	19
1602	9	19
1603	9	19
1604	9	20
1605	9	20
1606	9	20
1607	9	19
1608	9	19
1609	9	19
1610	9	19
1611	9	19
1612	9	19
1613	9	19
1614	9	19
1615	9	20
1616	9	22
1617	9	21
1618	8	21
1619	7	22
1620	7	21
1621	7	21
1622	7	22
1623	7	22
1624	7	23
1625	7	23
1626	7	23
1627	7	23
1628	7	23
1629	7	23
1630	7	24
1631	7	23
1632	7	24
1633	7	24
1634	7	24
1635	7	24
1636	6	24
1637	6	24
1638	6	24
1639	6	24
1640	6	24
1641	7	23
1642	7	24
1643	7	24
1644	7	24
1645	7	24
1646	7	24
1647	7	24
1648	7	24
1649	7	24
1650	7	24
1651	7	24
1652	7	23
1653	7	23
1654	8	22
1655	8	22
1656	8	22
1657	8	22
1658	8	22
1659	9	22
1660	9	22
1661	9	22
1662	9	22
1663	9	22
1664	9	22
1665	9	22
1666	9	22
1667	9	24
1668	9	24
1669	9	24
1670	9	23
1671	9	24
1672	9	24
1673	9	24
1674	9	24
1675	9	24
1676	9	24
1677	10	23
1678	10	22
1679	10	22
1680	10	22
1681	10	22
1682	10	22
1683	10	23
1684	10	24
1685	10	24
1686	10	23
1687	10	23
1688	10	21
1689	9	22
1690	9	22
1691	9	24
1692	9	24
1693	9	24
1694	7	24
1695	8	23
1696	8	23
1697	8	22
1698	8	22
1699	8	23
1700	8	24
1701	8	24
1702	9	22
1703	9	21
1704	9	21
1705	9	21
1706	9	22
1707	9	22
1708	9	22
1709	9	22
1710	9	22
1711	9	22
1712	9	22
1713	9	22
1714	9	22
1715	9	23
1716	9	24
1717	9	24
1718	9	24
1719	9	24
1720	9	24
1721	9	24
1722	9	24
1723	9	24
1724	9	24
1725	9	24
1726	9	24
1727	9	24
1728	9	24
1729	9	24
1730	8	24
1731	9	23
1732	9	23
1733	9	21
1734	9	20
1735	9	20
1736	9	21
1737	9	21
1738	9	21
1739	9	20
1740	9	20
1741	9	20
1742	9	20
1743	9	20
1744	9	20
1745	9	19
1746	9	19
1747	9	19
1748	9	19
1749	9	19
1750	9	19
1751	9	19
1752	9	20
1753	8	20
1754	8	20
1755	8	20
1756	8	19
1757	8	19
1758	8	19
1759	8	19
1760	8	19
1761	8	19
1762	8	19
1763	8	18
1764	8	19
1765	8	18
1766	7	18
1767	7	17
1768	7	17
1769	7	17
1770	7	16
1771	7	16
1772	7	17
1773	7	18
1774	7	18
1775	6	18
1776	6	18
1777	6	18
1778	6	18
1779	6	19
1780	6	19
1781	6	19
1782	6	20
1783	6	20
1784	6	20
1785	6	20
1786	6	21
1787	6	21
1788	6	20
1789	6	21
1790	6	22
1791	6	21
1792	6	21
1793	6	21
1794	6	21
1795	6	21
1796	6	22
1797	6	22
1798	6	22
1799	6	24
1800	6	24
1801	6	24
1802	6	24
1803	6	23
1804	6	23
1805	6	23
1806	6	23
1807	6	23
1808	6	22
1809	6	21
1810	6	21
1811	6	21
1812	6	20
1813	6	19
1814	6	19
1815	6	19
1816	6	19
1817	6	19
1818	6	19
1819	6	20
1820	6	21
1821	6	21
1822	6	21
1823	6	21
1824	6	21
1825	6	21
1826	6	20
1827	6	21
1828	6	21
1829	6	21
1830	6	23
1831	6	23
1832	6	23
1833	6	23
1834	6	23
1835	6	23
1836	6	22
1837	6	20
1838	6	20
1839	6	20
1840	6	20
1841	6	20
1842	6	20
1843	6	21
1844	6	21
1845	6	21
1846	6	21
1847	6	22
1848	6	22
1849	6	22
1850	6	23
1851	6	23
1852	6	23
1853	6	23
1854	6	23
1855	6	21
1856	6	21
1857	6	21
1858	6	21
1859	6	21
1860	6	20
1861	6	20
1862	6	20
1863	6	19
1864	6	19
1865	6	19
1866	6	19
1867	6	19
1868	6	19
1869	6	19
1870	6	19
1871	7	18
1872	7	18
1873	7	18
1874	7	20
1875	7	20
1876	7	21
1877	7	21
1878	7	21
1879	7	23
1880	7	23
1881	7	23
1882	7	23
1883	7	21
1884	7	21
1885	7	21
1886	7	21
1887	7	21
1888	7	21
1889	7	21
1890	7	22
1891	7	22
1892	7	22
1893	7	22
1894	7	22
1895	7	21
1896	7	22
1897	7	22
1898	8	22
1899	8	22
1900	8	22
1901	8	21
1902	8	21
1903	8	21
1904	8	21
1905	8	21
1906	8	21
1907	8	20
1908	9	20
1909	9	20
1910	9	21
1911	9	21
1912	9	22
1913	9	22
1914	9	22
1915	9	22
1916	9	22
1917	9	21
1918	9	22
1919	10	21
1920	10	21
1921	10	21
1922	10	22
1923	10	22
1924	10	22
1925	10	22
1926	10	22
1927	11	20
1928	11	20
1929	11	20
1930	11	20
1931	11	20
1932	11	20
1933	11	20
1934	11	19
1935	11	19
1936	11	19
1937	11	19
1938	11	18
1939	11	18
1940	11	18
1941	11	18
1942	11	18
1943	10	19
1944	10	17
1945	10	17
1946	10	17
1947	10	17
1948	10	17
1949	10	17
1950	9	17
1951	9	16
1952	9	15
1953	9	16
1954	9	16
1955	9	16
1956	9	15
1957	9	16
1958	9	15
1959	9	15
1960	9	15
1961	9	15
1962	9	15
1963	9	15
1964	9	15
1965	9	15
1966	9	15
1967	9	15
1968	9	15
1969	10	13
1970	10	12
1971	10	12
1972	10	12
1973	10	12
1974	10	12
1975	10	12
1976	10	12
1977	10	12
1978	10	12
1979	10	11
1980	9	11
1981	9	11
1982	9	10
1983	9	10
1984	9	10
1985	9	10
1986	9	10
1987	10	9
1988	10	10
1989	10	10
1990	10	10
1991	10	12
1992	10	12
1993	9	12
1994	9	10
1995	9	10
1996	9	10
1997	9	10
1998	9	10
1999	9	9
2000	9	9
2001	6	8
