Cycle	Predator Population	Prey Population
1	6	8
2	6	8
3	6	8
4	6	8
5	6	8
6	6	7
7	6	7
8	6	7
9	6	7
10	6	7
11	6	8
12	6	8
13	6	8
14	6	8
15	6	8
16	6	7
17	6	7
18	6	9
19	6	9
20	6	8
21	6	9
22	6	9
23	6	9
24	6	9
25	6	9
26	6	9
27	6	9
28	6	10
29	6	10
30	6	12
31	6	12
32	6	12
33	6	12
34	6	13
35	6	13
36	6	13
37	6	13
38	6	13
39	6	13
40	7	13
41	7	12
42	7	12
43	7	13
44	7	13
45	7	14
46	7	14
47	7	14
48	7	14
49	8	13
50	8	12
51	9	11
52	9	11
53	9	11
54	9	13
55	9	13
56	9	14
57	9	14
58	9	14
59	9	13
60	9	13
61	9	13
62	9	12
63	9	12
64	9	12
65	9	12
66	9	12
67	9	12
68	9	12
69	9	12
70	9	12
71	9	13
72	9	13
73	10	11
74	10	12
75	10	11
76	10	11
77	10	11
78	9	11
79	9	12
80	9	13
81	9	13
82	9	13
83	9	13
84	9	13
85	9	13
86	8	13
87	8	13
88	9	11
89	9	11
90	8	10
91	8	10
92	9	10
93	9	10
94	9	10
95	9	10
96	9	10
97	9	10
98	9	11
99	9	10
100	9	10
101	9	10
102	9	10
103	9	10
104	9	10
105	9	10
106	8	10
107	8	11
108	7	11
109	8	11
110	9	10
111	9	10
112	9	10
113	9	10
114	9	9
115	9	10
116	9	10
117	9	9
118	9	9
119	9	9
120	9	9
121	9	9
122	9	9
123	9	9
124	9	10
125	9	10
126	9	10
127	10	9
128	10	9
129	10	8
130	9	8
131	9	9
132	9	9
133	9	10
134	9	10
135	9	10
136	9	10
137	9	10
138	9	10
139	9	10
140	9	10
141	9	11
142	9	11
143	9	11
144	8	10
145	7	10
146	7	10
147	7	10
148	7	10
149	7	9
150	7	9
151	8	8
152	8	8
153	8	8
154	8	10
155	8	10
156	8	10
157	8	9
158	7	9
159	7	9
160	7	9
161	7	9
162	7	9
163	8	8
164	8	8
165	8	8
166	8	8
167	8	8
168	8	8
169	8	8
170	8	8
171	8	8
172	8	8
173	8	8
174	8	9
175	9	7
176	9	7
177	9	8
178	9	8
179	9	8
180	9	8
181	9	8
182	9	8
183	9	8
184	9	8
185	9	8
186	8	8
187	8	7
188	8	7
189	8	7
190	7	7
191	7	7
192	7	7
193	7	7
194	7	7
195	7	7
196	7	7
197	7	7
198	6	7
199	6	7
200	6	7
201	6	7
202	5	7
203	5	7
204	5	7
205	5	8
206	5	8
207	5	8
208	6	6
209	6	6
210	6	6
211	6	6
212	6	6
213	6	6
214	6	6
215	6	7
216	6	7
217	6	7
218	6	7
219	6	7
220	6	7
221	6	7
222	5	7
223	5	7
224	5	8
225	5	8
226	5	8
227	5	9
228	5	9
229	5	10
230	5	10
231	5	10
232	5	10
233	5	11
234	5	11
235	5	12
236	5	11
237	5	11
238	5	11
239	5	11
240	5	10
241	5	10
242	5	10
243	5	10
244	5	10
245	5	11
246	5	13
247	5	13
248	5	12
249	5	12
250	5	12
251	5	12
252	5	12
253	5	12
254	5	13
255	5	13
256	5	12
257	5	12
258	5	12
259	5	12
260	5	12
261	5	14
262	5	15
263	5	15
264	5	16
265	5	16
266	5	16
267	5	16
268	5	17
269	5	17
270	5	17
271	5	17
272	5	18
273	5	18
274	5	17
275	5	17
276	5	17
277	5	17
278	5	17
279	5	18
280	5	19
281	5	19
282	5	19
283	5	19
284	5	19
285	5	18
286	5	18
287	5	19
288	6	17
289	6	17
290	6	16
291	6	16
292	6	16
293	6	16
294	6	17
295	6	18
296	6	18
297	6	18
298	6	18
299	6	18
300	6	18
301	6	18
302	7	17
303	7	17
304	7	17
305	7	17
306	7	16
307	7	17
308	7	17
309	7	17
310	7	17
311	7	17
312	7	18
313	8	17
314	8	16
315	8	16
316	8	17
317	8	16
318	8	16
319	8	16
320	8	16
321	8	16
322	8	16
323	8	16
324	8	17
325	7	17
326	7	16
327	7	17
328	7	17
329	7	17
330	7	17
331	7	17
332	7	17
333	7	18
334	7	18
335	7	18
336	7	18
337	6	18
338	6	19
339	6	19
340	6	19
341	6	19
342	6	19
343	6	20
344	6	20
345	6	20
346	6	20
347	6	21
348	6	22
349	6	22
350	6	23
351	7	21
352	6	21
353	6	21
354	6	21
355	6	21
356	6	21
357	6	23
358	6	24
359	6	24
360	7	23
361	7	22
362	7	22
363	7	23
364	7	23
365	7	23
366	7	23
367	7	23
368	7	23
369	7	23
370	7	23
371	7	23
372	7	23
373	7	23
374	7	22
375	7	23
376	7	23
377	7	23
378	7	23
379	7	24
380	7	24
381	8	23
382	8	22
383	8	22
384	8	22
385	8	22
386	7	22
387	7	22
388	7	22
389	8	21
390	8	21
391	9	20
392	9	20
393	10	18
394	10	18
395	10	17
396	10	17
397	10	17
398	10	18
399	10	18
400	10	18
401	11	17
402	11	17
403	11	17
404	11	17
405	11	17
406	11	17
407	11	17
408	11	17
409	11	17
410	11	17
411	11	17
412	11	16
413	11	16
414	12	15
415	12	15
416	12	15
417	12	14
418	12	14
419	12	14
420	12	14
421	12	14
422	12	14
423	12	14
424	12	14
425	11	14
426	10	14
427	11	13
428	10	13
429	10	14
430	10	14
431	10	14
432	10	14
433	10	15
434	10	15
435	10	14
436	10	12
437	10	12
438	10	12
439	10	12
440	10	12
441	9	12
442	9	11
443	10	11
444	10	11
445	10	11
446	10	12
447	10	12
448	10	11
449	10	11
450	9	11
451	8	11
452	8	11
453	7	11
454	7	10
455	7	10
456	7	10
457	7	10
458	7	10
459	7	10
460	7	10
461	7	11
462	7	12
463	7	12
464	7	13
465	7	13
466	7	12
467	7	13
468	7	13
469	7	13
470	7	13
471	7	13
472	7	14
473	7	14
474	7	14
475	7	13
476	7	13
477	7	13
478	7	12
479	7	12
480	7	12
481	7	12
482	7	12
483	7	13
484	7	13
485	7	13
486	7	13
487	7	13
488	7	15
489	8	14
490	8	15
491	8	15
492	8	15
493	8	15
494	9	14
495	9	14
496	8	14
497	8	14
498	8	14
499	8	14
500	8	14
501	8	15
502	8	15
503	8	14
504	8	14
505	8	13
506	8	13
507	8	14
508	8	13
509	8	13
510	8	13
511	8	13
512	8	13
513	8	13
514	8	12
515	8	12
516	8	11
517	8	11
518	8	12
519	8	12
520	8	12
521	8	12
522	8	12
523	8	12
524	8	12
525	8	12
526	8	13
527	8	13
528	8	12
529	7	12
530	8	11
531	8	11
532	8	11
533	8	11
534	8	12
535	9	13
536	9	13
537	9	13
538	9	12
539	9	12
540	9	12
541	9	12
542	9	12
543	9	12
544	9	12
545	9	12
546	9	11
547	9	11
548	9	11
549	8	11
550	8	11
551	8	11
552	8	11
553	8	10
554	9	9
555	9	9
556	9	10
557	9	10
558	9	10
559	9	10
560	9	10
561	9	10
562	9	10
563	8	9
564	8	9
565	8	9
566	8	9
567	8	10
568	8	10
569	8	10
570	7	10
571	7	10
572	7	10
573	7	11
574	7	11
575	7	12
576	7	11
577	7	11
578	7	11
579	7	11
580	7	11
581	7	11
582	7	11
583	7	11
584	7	10
585	7	9
586	7	9
587	7	9
588	7	9
589	6	9
590	6	10
591	6	10
592	6	10
593	6	10
594	6	10
595	6	10
596	6	10
597	6	10
598	6	10
599	6	10
600	6	10
601	6	10
602	6	10
603	6	9
604	6	9
605	6	9
606	6	10
607	7	10
608	7	10
609	7	10
610	7	11
611	7	12
612	8	11
613	8	11
614	8	11
615	8	10
616	8	11
617	8	10
618	8	10
619	8	10
620	8	10
621	8	11
622	8	11
623	8	11
624	8	11
625	8	11
626	8	10
627	8	10
628	8	10
629	8	10
630	8	10
631	8	10
632	8	10
633	8	10
634	8	10
635	8	10
636	8	10
637	8	10
638	8	11
639	8	11
640	8	11
641	7	11
642	7	11
643	7	11
644	7	12
645	7	13
646	7	12
647	7	12
648	8	11
649	8	11
650	8	11
651	8	11
652	8	11
653	8	11
654	8	13
655	8	12
656	8	13
657	8	13
658	8	13
659	8	12
660	8	12
661	8	13
662	8	13
663	8	13
664	8	13
665	8	12
666	8	11
667	8	11
668	8	11
669	8	11
670	8	11
671	8	11
672	8	11
673	8	12
674	8	12
675	8	12
676	8	12
677	8	12
678	8	12
679	8	12
680	8	12
681	8	12
682	7	12
683	5	12
684	5	13
685	5	13
686	5	15
687	5	15
688	5	15
689	5	14
690	5	13
691	5	13
692	5	14
693	5	14
694	5	14
695	5	14
696	5	15
697	5	15
698	5	15
699	5	15
700	5	15
701	5	15
702	5	15
703	5	15
704	5	16
705	5	15
706	5	15
707	5	16
708	5	17
709	5	17
710	5	16
711	5	17
712	5	17
713	5	16
714	5	16
715	5	17
716	5	18
717	5	18
718	5	18
719	5	18
720	5	18
721	5	18
722	5	18
723	5	18
724	5	18
725	5	19
726	5	19
727	5	19
728	5	19
729	5	20
730	5	20
731	5	20
732	5	21
733	5	20
734	5	20
735	5	20
736	5	20
737	5	20
738	6	19
739	6	19
740	6	19
741	6	20
742	6	20
743	6	20
744	6	20
745	6	20
746	6	20
747	6	21
748	6	20
749	6	21
750	6	21
751	6	21
752	6	21
753	6	21
754	6	21
755	6	22
756	6	22
757	6	22
758	6	21
759	6	21
760	7	20
761	7	21
762	8	20
763	8	20
764	8	20
765	8	19
766	9	18
767	9	18
768	9	17
769	9	17
770	9	17
771	9	17
772	9	18
773	8	19
774	8	20
775	8	21
776	8	21
777	8	21
778	8	20
779	8	18
780	8	18
781	8	18
782	8	18
783	8	18
784	8	18
785	8	18
786	8	18
787	8	18
788	8	18
789	8	18
790	8	18
791	8	19
792	8	19
793	8	20
794	8	19
795	7	19
796	7	19
797	7	19
798	7	19
799	7	18
800	7	19
801	7	19
802	7	18
803	7	18
804	7	19
805	7	19
806	7	19
807	7	19
808	7	18
809	7	18
810	7	18
811	7	18
812	7	17
813	7	17
814	7	16
815	7	16
816	7	16
817	7	16
818	7	16
819	7	16
820	7	16
821	7	16
822	7	16
823	7	17
824	7	17
825	7	17
826	7	17
827	7	18
828	7	18
829	7	18
830	7	18
831	7	18
832	7	18
833	7	18
834	7	19
835	6	19
836	6	19
837	6	17
838	6	17
839	6	17
840	6	18
841	7	17
842	7	17
843	7	18
844	7	18
845	7	18
846	7	18
847	7	18
848	7	18
849	7	18
850	7	18
851	7	18
852	7	18
853	7	18
854	7	18
855	7	18
856	7	18
857	7	18
858	7	19
859	7	19
860	7	19
861	7	19
862	7	20
863	7	19
864	6	19
865	6	19
866	6	19
867	6	19
868	6	19
869	6	20
870	6	19
871	6	20
872	7	19
873	7	17
874	7	17
875	7	17
876	7	16
877	7	17
878	7	17
879	7	16
880	7	16
881	8	15
882	8	15
883	9	14
884	9	14
885	9	14
886	9	14
887	9	13
888	9	13
889	9	13
890	9	13
891	9	12
892	9	12
893	9	12
894	9	12
895	9	13
896	9	14
897	9	15
898	9	15
899	9	15
900	9	15
901	9	15
902	9	16
903	10	15
904	10	16
905	10	15
906	10	15
907	9	16
908	9	16
909	9	15
910	9	15
911	9	15
912	9	15
913	9	15
914	9	15
915	9	15
916	9	15
917	9	15
918	8	15
919	8	15
920	9	13
921	9	13
922	9	13
923	9	13
924	9	13
925	8	14
926	8	14
927	8	14
928	8	13
929	8	13
930	8	13
931	8	13
932	8	12
933	8	13
934	8	13
935	8	13
936	8	13
937	8	12
938	8	12
939	8	12
940	8	12
941	8	12
942	8	12
943	8	13
944	8	13
945	8	13
946	8	13
947	8	13
948	8	13
949	8	13
950	8	13
951	8	13
952	8	13
953	8	13
954	7	13
955	6	13
956	6	14
957	5	14
958	5	14
959	5	15
960	5	15
961	5	15
962	5	15
963	5	15
964	5	15
965	6	14
966	6	14
967	5	14
968	5	14
969	5	16
970	5	16
971	5	16
972	5	16
973	5	17
974	5	17
975	5	17
976	5	17
977	5	17
978	5	16
979	5	16
980	5	16
981	5	16
982	5	16
983	5	16
984	5	15
985	5	16
986	5	15
987	5	15
988	5	15
989	5	15
990	5	16
991	5	16
992	5	17
993	5	17
994	5	17
995	5	17
996	5	18
997	5	18
998	5	18
999	5	18
1000	5	18
1001	5	19
1002	5	19
1003	5	19
1004	5	19
1005	5	19
1006	5	18
1007	5	18
1008	5	19
1009	5	19
1010	5	19
1011	5	19
1012	6	19
1013	6	19
1014	6	19
1015	6	19
1016	6	19
1017	6	19
1018	6	20
1019	7	19
1020	7	19
1021	7	20
1022	7	20
1023	7	20
1024	7	19
1025	7	20
1026	7	20
1027	7	20
1028	7	20
1029	7	21
1030	7	21
1031	7	20
1032	7	20
1033	7	20
1034	7	19
1035	7	19
1036	7	19
1037	7	21
1038	7	21
1039	7	20
1040	7	20
1041	7	20
1042	8	19
1043	8	19
1044	8	19
1045	8	19
1046	8	19
1047	8	20
1048	8	21
1049	9	20
1050	9	20
1051	9	20
1052	9	20
1053	9	20
1054	9	20
1055	9	20
1056	9	20
1057	8	20
1058	8	20
1059	8	19
1060	8	19
1061	8	19
1062	8	20
1063	8	20
1064	8	21
1065	8	21
1066	8	22
1067	9	20
1068	9	20
1069	9	20
1070	9	19
1071	9	19
1072	9	19
1073	9	19
1074	9	19
1075	9	19
1076	9	19
1077	9	19
1078	9	19
1079	9	20
1080	9	20
1081	9	20
1082	9	21
1083	9	21
1084	8	21
1085	8	20
1086	8	20
1087	8	21
1088	8	20
1089	9	19
1090	11	17
1091	11	17
1092	11	17
1093	11	17
1094	11	16
1095	11	16
1096	11	16
1097	11	16
1098	11	16
1099	11	16
1100	11	16
1101	11	17
1102	10	17
1103	10	17
1104	11	16
1105	11	16
1106	11	16
1107	11	16
1108	11	16
1109	11	16
1110	11	16
1111	11	15
1112	11	15
1113	11	15
1114	11	14
1115	11	13
1116	10	14
1117	11	13
1118	11	13
1119	11	13
1120	11	13
1121	11	13
1122	11	13
1123	11	14
1124	10	13
1125	10	13
1126	10	13
1127	10	13
1128	10	13
1129	10	13
1130	10	13
1131	11	12
1132	11	11
1133	11	11
1134	11	11
1135	11	11
1136	11	12
1137	11	12
1138	11	12
1139	10	13
1140	10	12
1141	10	11
1142	10	11
1143	10	10
1144	10	10
1145	10	10
1146	10	10
1147	10	10
1148	10	10
1149	10	10
1150	10	12
1151	10	12
1152	10	12
1153	12	10
1154	12	10
1155	12	10
1156	12	10
1157	12	9
1158	12	9
1159	12	10
1160	12	9
1161	12	9
1162	12	9
1163	12	9
1164	12	8
1165	12	8
1166	11	8
1167	11	8
1168	11	8
1169	11	5
1170	11	5
1171	12	4
1172	12	4
1173	12	4
1174	12	3
1175	12	3
1176	12	3
1177	12	3
1178	12	2
1179	12	2
1180	12	2
1181	12	2
1182	12	2
1183	12	2
1184	12	2
1185	12	2
1186	12	2
1187	12	2
1188	11	2
1189	11	2
1190	11	2
1191	10	2
1192	10	2
1193	10	2
1194	10	2
1195	9	2
1196	9	2
1197	9	2
1198	9	2
1199	9	2
1200	9	2
1201	8	2
1202	8	2
1203	8	2
1204	8	2
1205	8	2
1206	8	2
1207	8	2
1208	8	2
1209	8	1
1210	8	1
1211	8	1
1212	8	1
1213	8	1
1214	8	1
1215	7	1
1216	7	1
1217	7	1
1218	7	1
1219	7	0
1220	6	8
