Cycle	Predator Population	Prey Population
1	6	8
2	6	8
3	6	9
4	6	10
5	6	11
6	6	11
7	6	11
8	6	11
9	6	12
10	6	12
11	6	12
12	6	13
13	6	13
14	6	13
15	6	13
16	6	13
17	6	13
18	6	13
19	6	14
20	6	15
21	6	15
22	6	15
23	6	17
24	6	16
25	6	16
26	6	16
27	6	16
28	6	15
29	6	15
30	6	15
31	6	17
32	6	16
33	6	16
34	6	16
35	5	17
36	5	17
37	5	17
38	5	17
39	5	17
40	5	18
41	5	18
42	5	18
43	5	18
44	5	18
45	5	18
46	5	18
47	5	18
48	5	19
49	5	18
50	5	19
51	5	20
52	5	21
53	5	21
54	5	21
55	5	21
56	5	21
57	5	21
58	5	21
59	5	22
60	5	23
61	5	23
62	5	24
63	5	23
64	5	23
65	5	23
66	5	24
67	5	24
68	5	24
69	5	24
70	5	24
71	5	24
72	5	24
73	5	24
74	5	24
75	5	22
76	5	24
77	5	24
78	5	24
79	5	24
80	5	24
81	5	24
82	5	24
83	5	24
84	5	24
85	5	24
86	5	24
87	5	24
88	5	24
89	5	24
90	5	24
91	5	23
92	5	24
93	5	24
94	5	24
95	5	24
96	5	24
97	5	24
98	5	24
99	5	24
100	5	24
101	5	24
102	5	24
103	5	24
104	5	24
105	5	24
106	6	24
107	6	24
108	6	24
109	6	23
110	6	23
111	6	23
112	6	24
113	6	24
114	6	24
115	6	24
116	6	24
117	6	24
118	6	24
119	6	24
120	6	24
121	6	24
122	6	23
123	6	24
124	6	24
125	6	24
126	7	24
127	7	24
128	7	24
129	7	24
130	7	24
131	7	24
132	7	24
133	7	24
134	7	24
135	7	24
136	7	24
137	7	24
138	7	24
139	7	24
140	7	24
141	6	24
142	6	24
143	6	24
144	6	24
145	7	24
146	7	24
147	7	24
148	7	24
149	7	24
150	7	24
151	7	23
152	7	24
153	7	24
154	7	24
155	7	24
156	7	24
157	9	22
158	9	22
159	9	22
160	9	22
161	9	22
162	9	21
163	9	21
164	9	21
165	9	24
166	9	24
167	9	23
168	10	22
169	10	24
170	10	24
171	10	24
172	10	24
173	10	24
174	10	24
175	10	24
176	10	24
177	10	23
178	10	24
179	10	24
180	10	24
181	10	24
182	10	24
183	9	24
184	9	24
185	9	24
186	10	23
187	10	23
188	10	23
189	10	22
190	10	22
191	10	22
192	9	22
193	9	23
194	9	23
195	9	23
196	9	23
197	9	22
198	10	22
199	10	23
200	10	22
201	10	23
202	10	23
203	10	24
204	10	23
205	10	23
206	10	23
207	10	23
208	10	23
209	10	23
210	10	23
211	10	23
212	11	22
213	10	21
214	10	21
215	10	21
216	10	21
217	10	21
218	10	21
219	10	21
220	10	21
221	10	22
222	10	22
223	10	22
224	10	21
225	10	21
226	10	21
227	10	22
228	10	23
229	10	23
230	10	23
231	10	23
232	10	23
233	10	24
234	10	24
235	10	21
236	10	19
237	10	19
238	10	19
239	10	19
240	10	19
241	10	19
242	10	19
243	10	19
244	10	19
245	10	20
246	10	19
247	10	20
248	10	21
249	10	21
250	10	20
251	10	20
252	10	21
253	10	21
254	10	20
255	10	19
256	10	18
257	11	17
258	11	17
259	11	17
260	11	17
261	11	17
262	11	17
263	11	17
264	11	17
265	11	17
266	11	17
267	11	18
268	11	17
269	11	17
270	11	17
271	11	16
272	11	16
273	11	17
274	11	18
275	11	18
276	11	18
277	11	19
278	11	19
279	11	19
280	11	19
281	11	19
282	11	19
283	11	19
284	11	19
285	11	17
286	10	16
287	10	15
288	10	15
289	10	15
290	10	15
291	10	15
292	10	14
293	10	14
294	10	15
295	10	15
296	10	16
297	10	15
298	10	14
299	10	14
300	10	14
301	10	14
302	10	14
303	10	14
304	10	14
305	10	14
306	10	14
307	10	14
308	10	13
309	10	14
310	9	14
311	9	14
312	9	14
313	9	14
314	9	14
315	9	14
316	9	15
317	10	15
318	10	14
319	10	14
320	10	14
321	10	15
322	10	15
323	10	14
324	10	14
325	10	14
326	10	13
327	10	13
328	10	13
329	10	13
330	10	12
331	10	12
332	10	12
333	10	12
334	10	12
335	10	12
336	10	12
337	9	12
338	9	12
339	9	13
340	9	13
341	9	13
342	9	14
343	9	15
344	9	15
345	9	16
346	9	16
347	8	15
348	8	15
349	8	16
350	8	15
351	8	15
352	7	14
353	7	15
354	7	15
355	7	13
356	7	13
357	7	14
358	7	13
359	7	13
360	7	13
361	7	13
362	7	13
363	7	13
364	7	13
365	7	13
366	7	14
367	8	13
368	8	13
369	8	14
370	8	14
371	8	15
372	8	16
373	8	17
374	8	17
375	8	17
376	8	17
377	8	17
378	8	17
379	8	17
380	8	16
381	8	15
382	8	15
383	8	16
384	8	16
385	8	16
386	8	16
387	8	16
388	8	16
389	8	15
390	8	15
391	8	15
392	8	15
393	8	16
394	8	16
395	8	17
396	8	17
397	8	18
398	8	18
399	8	17
400	8	16
401	8	16
402	7	17
403	7	18
404	7	17
405	8	16
406	8	16
407	8	15
408	8	16
409	8	16
410	8	15
411	8	15
412	8	15
413	8	15
414	8	15
415	8	16
416	8	16
417	8	16
418	8	15
419	8	16
420	8	16
421	8	16
422	8	16
423	8	16
424	8	16
425	8	17
426	8	17
427	8	17
428	8	17
429	8	17
430	8	17
431	8	17
432	9	15
433	9	15
434	9	15
435	9	14
436	9	13
437	9	13
438	9	12
439	9	12
440	9	12
441	9	13
442	9	13
443	10	12
444	10	12
445	10	12
446	10	12
447	10	12
448	11	11
449	11	11
450	11	11
451	11	11
452	11	11
453	11	12
454	11	12
455	11	13
456	11	13
457	11	13
458	11	13
459	11	13
460	11	13
461	11	13
462	11	12
463	11	12
464	11	12
465	11	12
466	11	11
467	11	11
468	11	10
469	11	10
470	11	10
471	11	11
472	11	11
473	11	11
474	11	11
475	11	12
476	11	12
477	11	12
478	10	12
479	10	12
480	10	11
481	10	11
482	10	11
483	10	10
484	10	10
485	10	8
486	10	9
487	10	9
488	10	9
489	10	9
490	10	10
491	10	11
492	10	11
493	10	11
494	11	10
495	11	10
496	11	10
497	11	10
498	11	11
499	11	9
500	11	8
501	11	7
502	11	7
503	11	7
504	11	6
505	11	5
506	11	6
507	11	6
508	11	6
509	11	6
510	11	6
511	11	6
512	11	6
513	11	6
514	11	6
515	11	7
516	11	7
517	11	8
518	11	9
519	11	8
520	11	8
521	11	8
522	11	7
523	11	7
524	11	7
525	11	8
526	11	9
527	11	9
528	11	9
529	10	8
530	10	8
531	10	9
532	10	9
533	10	9
534	10	10
535	10	10
536	10	10
537	10	9
538	10	8
539	9	8
540	9	8
541	9	9
542	9	9
543	9	9
544	9	9
545	9	9
546	9	9
547	9	8
548	9	8
549	9	8
550	9	9
551	9	9
552	9	8
553	8	8
554	8	8
555	8	7
556	8	8
557	8	8
558	8	9
559	8	9
560	8	9
561	8	9
562	8	9
563	8	9
564	8	9
565	8	9
566	8	8
567	7	8
568	7	8
569	7	7
570	7	7
571	7	7
572	7	8
573	7	8
574	8	8
575	8	8
576	8	8
577	8	8
578	8	8
579	8	8
580	8	8
581	8	9
582	8	9
583	8	9
584	8	9
585	8	11
586	8	11
587	8	11
588	8	11
589	8	11
590	8	12
591	7	13
592	7	14
593	7	13
594	7	13
595	7	14
596	7	14
597	7	14
598	7	14
599	7	14
600	7	14
601	7	15
602	7	15
603	7	15
604	7	16
605	7	16
606	7	15
607	7	15
608	7	16
609	6	17
610	6	17
611	6	17
612	6	17
613	6	18
614	7	16
615	7	16
616	7	16
617	7	16
618	6	16
619	6	15
620	6	15
621	6	15
622	6	16
623	6	17
624	6	17
625	6	18
626	6	17
627	6	17
628	6	17
629	6	18
630	6	18
631	6	18
632	6	18
633	6	18
634	6	18
635	6	18
636	6	18
637	6	19
638	6	19
639	6	19
640	6	19
641	6	21
642	6	21
643	6	21
644	6	21
645	6	23
646	5	22
647	5	22
648	5	22
649	5	22
650	5	22
651	5	22
652	5	22
653	5	23
654	5	24
655	5	24
656	5	24
657	5	24
658	5	24
659	5	24
660	5	24
661	5	24
662	5	24
663	5	24
664	5	24
665	5	24
666	5	24
667	5	24
668	5	24
669	5	24
670	5	24
671	5	24
672	5	23
673	5	24
674	5	24
675	5	24
676	5	24
677	5	24
678	5	24
679	5	24
680	5	24
681	5	24
682	5	24
683	5	24
684	5	23
685	5	23
686	6	22
687	6	23
688	6	23
689	6	24
690	6	24
691	6	24
692	6	24
693	6	24
694	6	24
695	6	24
696	6	24
697	6	24
698	6	24
699	6	24
700	6	24
701	6	24
702	6	24
703	6	24
704	6	23
705	6	23
706	6	23
707	6	24
708	6	24
709	6	23
710	6	24
711	6	24
712	6	23
713	6	23
714	6	24
715	6	24
716	5	24
717	5	24
718	5	24
719	5	24
720	5	24
721	5	24
722	5	24
723	5	24
724	5	24
725	5	24
726	5	24
727	5	24
728	5	24
729	5	24
730	5	24
731	5	24
732	6	23
733	6	24
734	6	23
735	6	23
736	6	24
737	6	24
738	6	24
739	6	24
740	6	24
741	6	24
742	6	24
743	6	24
744	6	23
745	6	24
746	6	24
747	6	24
748	6	24
749	6	24
750	6	24
751	6	24
752	6	24
753	6	24
754	6	24
755	6	24
756	6	24
757	6	24
758	6	24
759	6	23
760	6	22
761	7	21
762	7	23
763	7	22
764	7	24
765	7	24
766	7	24
767	7	24
768	7	24
769	7	24
770	7	24
771	7	23
772	7	23
773	7	24
774	8	23
775	8	23
776	8	24
777	8	24
778	8	24
779	8	24
780	8	24
781	8	24
782	8	24
783	8	24
784	8	23
785	8	24
786	8	24
787	8	24
788	8	24
789	8	24
790	8	24
791	8	24
792	8	24
793	8	24
794	8	24
795	8	24
796	8	23
797	8	24
798	8	24
799	8	24
800	8	24
801	7	24
802	7	24
803	7	24
804	7	23
805	7	23
806	7	23
807	7	24
808	7	24
809	6	24
810	6	24
811	6	24
812	6	24
813	6	24
814	6	24
815	6	24
816	6	24
817	6	24
818	6	24
819	6	24
820	6	24
821	6	24
822	7	23
823	7	23
824	7	24
825	7	24
826	7	24
827	7	24
828	7	24
829	7	24
830	7	24
831	7	24
832	7	24
833	7	24
834	7	24
835	7	24
836	7	24
837	7	24
838	7	24
839	7	24
840	7	24
841	7	24
842	8	23
843	8	23
844	8	23
845	8	24
846	8	24
847	9	24
848	9	24
849	9	24
850	9	24
851	9	24
852	9	24
853	9	24
854	9	24
855	9	24
856	10	23
857	10	22
858	10	23
859	10	23
860	10	23
861	10	23
862	10	23
863	10	23
864	10	24
865	11	23
866	11	24
867	11	24
868	11	24
869	11	24
870	11	23
871	11	24
872	10	24
873	10	24
874	10	24
875	10	24
876	10	24
877	10	24
878	10	24
879	11	23
880	11	23
881	11	24
882	11	24
883	11	24
884	11	24
885	12	23
886	12	24
887	12	23
888	12	22
889	13	21
890	14	20
891	14	19
892	14	19
893	14	20
894	14	20
895	14	20
896	14	21
897	14	21
898	15	19
899	16	19
900	16	19
901	17	19
902	17	18
903	17	18
904	17	18
905	17	19
906	17	19
907	17	19
908	17	18
909	18	18
910	18	18
911	18	19
912	18	19
913	18	19
914	17	19
915	17	17
916	17	17
917	18	16
918	18	17
919	18	17
920	18	17
921	18	18
922	18	18
923	18	18
924	18	18
925	18	18
926	18	18
927	18	17
928	18	16
929	18	16
930	18	15
931	18	15
932	18	14
933	18	14
934	18	14
935	18	15
936	18	15
937	18	15
938	18	15
939	18	14
940	18	14
941	18	14
942	18	14
943	18	14
944	17	13
945	17	12
946	17	12
947	17	12
948	17	12
949	17	12
950	17	12
951	16	12
952	15	12
953	15	11
954	15	12
955	15	12
956	15	12
957	15	12
958	14	12
959	14	12
960	14	11
961	14	11
962	14	11
963	14	11
964	14	11
965	14	11
966	14	10
967	13	11
968	12	11
969	12	11
970	12	10
971	12	10
972	12	10
973	12	10
974	12	10
975	12	11
976	12	11
977	12	9
978	12	9
979	12	10
980	12	10
981	12	9
982	12	8
983	11	8
984	11	8
985	11	8
986	11	8
987	11	9
988	11	9
989	11	8
990	11	7
991	11	7
992	11	7
993	11	8
994	11	7
995	11	7
996	11	7
997	11	7
998	11	7
999	11	7
1000	11	7
1001	10	6
1002	11	5
1003	11	5
1004	11	5
1005	11	5
1006	11	5
1007	11	5
1008	10	5
1009	10	5
1010	10	5
1011	10	5
1012	10	5
1013	10	4
1014	10	4
1015	10	4
1016	10	4
1017	10	4
1018	10	4
1019	10	4
1020	10	4
1021	10	4
1022	10	4
1023	10	3
1024	10	3
1025	10	3
1026	10	2
1027	10	2
1028	10	2
1029	10	2
1030	10	2
1031	10	2
1032	9	2
1033	8	2
1034	8	2
1035	7	2
1036	7	2
1037	6	2
1038	6	2
1039	6	2
1040	6	2
1041	6	1
1042	6	1
1043	6	1
1044	5	1
1045	5	1
1046	5	1
1047	5	1
1048	5	1
1049	5	0
1050	6	8
