Cycle	Predator Population	Prey Population
1	6	8
2	6	8
3	6	8
4	6	8
5	6	8
6	6	7
7	6	9
8	6	9
9	6	11
10	6	12
11	6	12
12	6	13
13	6	13
14	6	13
15	6	12
16	6	12
17	6	12
18	6	12
19	6	13
20	6	13
21	7	12
22	7	12
23	7	13
24	7	12
25	7	13
26	7	13
27	7	13
28	7	12
29	7	12
30	7	11
31	7	11
32	7	10
33	7	11
34	7	11
35	7	11
36	7	11
37	7	11
38	7	11
39	7	11
40	7	12
41	7	12
42	7	12
43	7	12
44	7	13
45	7	13
46	7	14
47	7	15
48	7	14
49	7	14
50	7	12
51	7	11
52	7	11
53	7	12
54	7	12
55	7	12
56	7	12
57	7	12
58	7	12
59	7	12
60	7	12
61	7	12
62	7	13
63	7	13
64	7	13
65	7	14
66	7	14
67	7	13
68	8	12
69	8	13
70	8	14
71	8	14
72	8	14
73	8	14
74	8	13
75	8	13
76	8	13
77	8	14
78	8	14
79	8	13
80	8	14
81	8	14
82	8	14
83	8	13
84	8	13
85	8	13
86	8	13
87	8	13
88	7	13
89	7	13
90	7	13
91	7	13
92	7	14
93	7	14
94	7	15
95	7	16
96	7	16
97	7	16
98	7	16
99	7	16
100	7	16
101	7	16
102	7	17
103	7	17
104	7	17
105	7	17
106	7	17
107	7	16
108	7	15
109	8	13
110	8	14
111	8	14
112	8	14
113	8	14
114	8	15
115	8	15
116	8	16
117	8	16
118	8	16
119	8	17
120	8	17
121	8	17
122	8	18
123	8	18
124	8	18
125	8	17
126	7	17
127	7	18
128	7	17
129	7	17
130	7	17
131	7	17
132	7	17
133	7	17
134	7	17
135	7	17
136	7	17
137	7	17
138	7	17
139	7	17
140	7	17
141	7	17
142	7	17
143	7	17
144	7	17
145	7	19
146	7	19
147	7	19
148	7	20
149	7	21
150	7	20
151	7	20
152	7	18
153	7	19
154	7	18
155	7	18
156	7	18
157	6	18
158	6	18
159	6	18
160	6	17
161	6	17
162	6	17
163	6	17
164	6	17
165	6	17
166	6	17
167	6	18
168	6	19
169	6	20
170	7	19
171	7	19
172	7	19
173	7	19
174	7	19
175	7	19
176	7	19
177	7	19
178	7	19
179	7	19
180	7	20
181	7	20
182	7	20
183	7	20
184	7	19
185	7	19
186	7	19
187	7	20
188	7	21
189	7	21
190	7	21
191	7	21
192	7	20
193	7	20
194	7	20
195	7	20
196	7	20
197	7	19
198	7	20
199	7	21
200	7	22
201	7	21
202	7	21
203	7	21
204	7	21
205	5	22
206	5	20
207	5	20
208	5	20
209	5	20
210	6	19
211	6	19
212	6	19
213	6	19
214	6	19
215	6	20
216	6	20
217	6	20
218	6	20
219	6	20
220	6	20
221	6	19
222	6	19
223	6	19
224	6	19
225	6	19
226	6	19
227	6	20
228	6	22
229	6	23
230	6	22
231	6	22
232	6	22
233	6	23
234	6	23
235	6	24
236	6	22
237	6	22
238	7	21
239	7	21
240	7	21
241	7	21
242	7	21
243	7	21
244	7	19
245	7	19
246	7	18
247	8	17
248	8	17
249	8	18
250	8	18
251	8	18
252	8	18
253	8	18
254	8	18
255	8	18
256	8	18
257	8	18
258	8	18
259	8	18
260	8	18
261	8	18
262	8	18
263	8	19
264	8	20
265	8	20
266	8	19
267	8	19
268	8	19
269	8	20
270	8	20
271	8	19
272	8	19
273	8	18
274	8	18
275	8	18
276	8	18
277	8	18
278	8	18
279	8	18
280	8	19
281	8	20
282	7	19
283	7	19
284	7	19
285	7	19
286	7	19
287	7	20
288	7	20
289	7	21
290	7	21
291	7	21
292	7	20
293	7	20
294	7	20
295	7	22
296	7	21
297	7	20
298	7	20
299	7	20
300	7	20
301	7	20
302	7	20
303	7	20
304	7	21
305	7	21
306	7	21
307	7	21
308	7	21
309	7	20
310	7	20
311	7	21
312	7	20
313	7	20
314	7	21
315	7	21
316	7	21
317	7	21
318	7	21
319	7	21
320	7	21
321	8	21
322	8	21
323	8	21
324	8	21
325	9	20
326	9	20
327	9	20
328	9	19
329	9	19
330	9	20
331	9	21
332	9	21
333	9	20
334	9	20
335	9	20
336	9	20
337	9	20
338	9	21
339	9	21
340	9	21
341	9	21
342	9	21
343	8	21
344	8	21
345	8	21
346	8	22
347	8	23
348	8	22
349	8	22
350	8	20
351	8	20
352	8	20
353	8	20
354	8	20
355	8	21
356	7	21
357	7	21
358	7	21
359	7	19
360	7	19
361	7	19
362	7	20
363	7	20
364	7	20
365	7	22
366	7	22
367	7	22
368	7	21
369	7	21
370	7	21
371	7	21
372	7	21
373	7	20
374	7	20
375	7	20
376	7	20
377	7	21
378	7	21
379	7	21
380	7	21
381	7	21
382	7	22
383	7	22
384	7	22
385	6	22
386	6	22
387	6	23
388	6	23
389	5	23
390	5	23
391	5	23
392	5	22
393	5	22
394	5	23
395	5	23
396	5	23
397	6	22
398	6	21
399	6	21
400	6	20
401	6	20
402	6	20
403	6	20
404	6	21
405	6	22
406	6	22
407	6	21
408	6	20
409	6	19
410	6	20
411	6	20
412	6	20
413	6	19
414	6	19
415	6	20
416	6	20
417	6	20
418	6	20
419	6	20
420	6	20
421	6	20
422	6	21
423	6	20
424	6	20
425	6	20
426	6	21
427	6	21
428	6	21
429	6	20
430	6	20
431	6	20
432	6	20
433	6	20
434	6	21
435	6	21
436	7	20
437	7	21
438	7	20
439	7	20
440	7	20
441	7	21
442	7	20
443	7	20
444	7	20
445	7	20
446	7	20
447	7	20
448	7	20
449	7	20
450	7	20
451	7	20
452	7	20
453	7	20
454	7	20
455	7	21
456	7	21
457	7	21
458	7	21
459	7	20
460	7	20
461	7	20
462	7	20
463	7	20
464	7	21
465	7	21
466	7	21
467	7	22
468	8	21
469	8	21
470	8	21
471	7	21
472	7	21
473	7	21
474	7	21
475	7	19
476	7	19
477	7	19
478	7	19
479	7	19
480	7	19
481	7	19
482	7	20
483	7	20
484	7	20
485	7	20
486	7	20
487	7	20
488	7	21
489	7	21
490	7	22
491	7	23
492	7	21
493	7	21
494	7	20
495	7	21
496	7	21
497	7	21
498	7	21
499	7	21
500	7	21
501	7	21
502	7	21
503	6	21
504	6	23
505	6	23
506	7	22
507	7	22
508	7	22
509	7	22
510	7	22
511	7	23
512	7	23
513	7	23
514	7	22
515	7	21
516	7	22
517	7	22
518	7	22
519	7	22
520	7	22
521	7	22
522	7	22
523	7	21
524	7	21
525	7	20
526	7	20
527	7	20
528	7	20
529	8	19
530	8	19
531	8	19
532	7	19
533	8	18
534	8	18
535	9	17
536	9	17
537	9	17
538	9	17
539	9	17
540	9	17
541	9	16
542	10	16
543	10	16
544	10	16
545	10	17
546	10	17
547	10	17
548	10	17
549	10	17
550	10	16
551	10	16
552	10	17
553	10	17
554	10	17
555	10	17
556	10	17
557	11	17
558	11	17
559	11	17
560	11	17
561	11	17
562	11	17
563	11	17
564	11	17
565	11	19
566	11	18
567	11	17
568	11	17
569	11	16
570	10	16
571	10	16
572	10	16
573	10	16
574	10	16
575	10	16
576	10	17
577	10	17
578	10	17
579	10	17
580	10	17
581	10	16
582	10	16
583	10	16
584	10	15
585	10	15
586	10	16
587	10	16
588	10	15
589	10	15
590	9	15
591	9	16
592	9	16
593	9	16
594	9	16
595	9	16
596	9	16
597	9	16
598	9	16
599	9	15
600	9	16
601	9	16
602	9	17
603	9	17
604	9	17
605	9	17
606	9	17
607	9	17
608	9	15
609	9	15
610	9	15
611	9	15
612	8	15
613	8	15
614	8	15
615	8	15
616	8	14
617	8	14
618	8	15
619	8	14
620	8	15
621	8	14
622	8	14
623	8	14
624	9	13
625	9	14
626	9	14
627	9	14
628	9	14
629	8	14
630	8	14
631	8	14
632	8	14
633	8	14
634	8	14
635	8	14
636	8	14
637	7	14
638	7	14
639	7	14
640	7	14
641	7	15
642	7	15
643	7	15
644	7	16
645	7	16
646	7	16
647	7	15
648	7	15
649	7	15
650	7	15
651	7	15
652	7	15
653	7	14
654	7	14
655	7	14
656	7	13
657	7	14
658	7	15
659	6	15
660	7	14
661	7	14
662	7	14
663	7	14
664	7	13
665	7	13
666	6	13
667	6	13
668	6	15
669	6	15
670	6	14
671	6	14
672	6	13
673	6	13
674	6	13
675	6	13
676	6	13
677	6	13
678	6	13
679	6	13
680	6	13
681	6	13
682	6	13
683	6	14
684	6	14
685	6	14
686	6	13
687	6	13
688	6	13
689	6	13
690	6	14
691	6	16
692	6	16
693	6	17
694	7	16
695	6	17
696	6	17
697	6	17
698	6	17
699	6	17
700	6	17
701	6	19
702	6	18
703	6	18
704	6	19
705	6	19
706	6	20
707	6	20
708	6	20
709	6	20
710	6	20
711	6	21
712	6	21
713	5	21
714	5	21
715	5	21
716	5	21
717	5	20
718	5	20
719	5	19
720	5	19
721	5	20
722	5	19
723	5	19
724	5	19
725	5	20
726	5	20
727	5	20
728	5	21
729	5	21
730	5	21
731	6	20
732	6	20
733	7	19
734	7	19
735	7	19
736	7	19
737	7	20
738	7	20
739	7	20
740	7	20
741	7	20
742	7	20
743	7	20
744	7	20
745	7	20
746	7	21
747	7	21
748	7	21
749	7	22
750	7	23
751	7	23
752	7	23
753	7	23
754	7	23
755	7	23
756	7	23
757	8	23
758	8	23
759	8	23
760	8	24
761	8	24
762	8	23
763	8	23
764	8	23
765	8	22
766	8	22
767	8	23
768	7	23
769	7	23
770	7	23
771	7	23
772	7	22
773	7	22
774	7	23
775	7	23
776	7	23
777	7	22
778	6	21
779	6	22
780	6	22
781	6	22
782	6	22
783	6	23
784	6	24
785	6	24
786	6	24
787	6	24
788	6	24
789	6	24
790	6	24
791	6	24
792	6	24
793	6	24
794	6	24
795	6	23
796	6	23
797	6	23
798	6	23
799	6	24
800	6	24
801	7	23
802	7	23
803	7	23
804	7	23
805	7	24
806	7	23
807	7	23
808	7	23
809	7	23
810	7	23
811	7	23
812	7	22
813	7	22
814	7	22
815	7	23
816	7	23
817	7	24
818	7	24
819	7	24
820	7	23
821	7	24
822	7	24
823	7	24
824	7	23
825	7	23
826	7	23
827	7	22
828	7	21
829	7	21
830	8	20
831	8	20
832	8	20
833	8	20
834	8	20
835	8	20
836	8	21
837	8	21
838	8	21
839	8	21
840	8	21
841	8	22
842	9	21
843	9	21
844	9	21
845	9	21
846	9	21
847	9	21
848	9	21
849	9	20
850	9	21
851	9	21
852	9	21
853	9	22
854	9	23
855	9	22
856	9	21
857	9	22
858	9	22
859	9	23
860	9	22
861	9	22
862	9	21
863	9	20
864	9	21
865	10	20
866	10	20
867	10	20
868	10	19
869	10	19
870	10	19
871	10	20
872	10	21
873	10	21
874	10	22
875	10	22
876	10	20
877	10	20
878	10	20
879	10	20
880	10	20
881	10	21
882	10	21
883	10	21
884	10	21
885	10	21
886	10	22
887	10	22
888	10	22
889	10	22
890	10	22
891	10	22
892	10	21
893	10	21
894	10	22
895	10	22
896	10	22
897	10	20
898	10	19
899	11	18
900	11	17
901	11	18
902	11	17
903	11	17
904	11	17
905	11	16
906	11	17
907	11	17
908	11	15
909	11	15
910	11	16
911	11	16
912	11	14
913	11	14
914	11	14
915	11	14
916	11	13
917	11	13
918	11	13
919	11	14
920	11	14
921	11	14
922	11	13
923	11	13
924	11	13
925	11	12
926	11	12
927	11	12
928	11	12
929	11	12
930	11	12
931	11	13
932	11	13
933	11	13
934	11	12
935	11	11
936	10	11
937	10	11
938	10	11
939	10	11
940	10	11
941	10	11
942	10	10
943	10	10
944	10	10
945	10	10
946	10	11
947	10	11
948	10	11
949	10	11
950	10	11
951	10	11
952	10	11
953	10	11
954	10	11
955	10	11
956	10	11
957	10	11
958	10	11
959	10	11
960	10	11
961	10	11
962	10	13
963	10	12
964	10	12
965	10	12
966	10	11
967	11	10
968	11	10
969	11	10
970	11	9
971	11	9
972	11	9
973	11	7
974	10	7
975	10	6
976	10	6
977	10	5
978	10	5
979	10	5
980	10	5
981	9	5
982	9	4
983	9	4
984	9	4
985	9	4
986	9	4
987	9	4
988	9	4
989	9	4
990	9	4
991	9	4
992	9	4
993	9	4
994	9	4
995	9	3
996	9	3
997	9	3
998	9	3
999	9	3
1000	9	3
1001	9	4
1002	7	4
1003	7	4
1004	7	4
1005	7	4
1006	7	4
1007	7	4
1008	7	4
1009	6	4
1010	6	4
1011	6	4
1012	6	4
1013	6	4
1014	6	4
1015	5	3
1016	4	3
1017	4	3
1018	4	3
1019	4	3
1020	4	2
1021	2	2
1022	2	2
1023	2	1
1024	2	1
1025	2	1
1026	2	1
1027	2	1
1028	2	1
1029	2	1
1030	2	1
1031	2	1
1032	2	1
1033	2	1
1034	2	1
1035	3	0
1036	6	8
